AMATH 583 VECTOR
1024
1.739545833663803e+00
1.546826387544547e+00
5.110954612079520e-01
9.814165220509360e-01
1.667486110081657e+00
4.390521424073037e-01
1.149357439553997e+00
1.250486584031250e+00
9.280178132131780e-01
1.195386673880455e+00
8.638279088138734e-01
3.556634347679389e-01
1.635348144748876e+00
1.296268794357902e+00
3.896267732557034e-01
1.457178108607036e+00
7.924713584559371e-01
1.066121568934117e+00
1.305209075708505e+00
1.648935432848025e+00
6.578198767536412e-01
9.786685984482377e-01
1.483134119530737e+00
1.035146953088765e+00
1.714840562881362e+00
3.253403470503820e-01
9.952128757700384e-01
1.542803067035416e+00
8.911476642317826e-01
1.518792743570541e+00
3.496411900732858e-01
1.419481561714542e+00
2.266077363056167e-01
1.596224088499427e+00
7.382554098676216e-01
1.858673645117634e+00
7.279534920714579e-01
7.143412449929589e-01
9.333045966612662e-01
1.050356085901314e+00
1.334735743391670e+00
9.036391838004996e-01
4.637621349952008e-01
1.450202864338738e+00
5.595409411748596e-01
2.045983258656218e-01
6.840628235061014e-01
1.043874667046533e+00
1.401529051084783e+00
4.987615819549009e-01
6.859079160196278e-01
1.054344541884188e+00
3.687154475453847e-01
1.000526895281173e+00
8.555289906708193e-01
8.757462044599215e-01
6.664583579015257e-01
1.656212509449670e-01
5.963646320609211e-01
1.100371047901163e+00
9.362020748370337e-01
7.482717860249206e-01
2.039077208395618e-01
1.077064150514577e+00
1.217177698489827e+00
1.105578518521776e+00
1.458160795484744e+00
1.308489712098841e+00
7.865912452277687e-01
2.390585431079653e-01
8.569340155725060e-01
4.899997271085157e-01
1.425413512822899e+00
9.249100144602871e-01
9.626130340446779e-01
1.637263188901014e+00
1.482415859346472e+00
9.633480361492130e-01
9.904435598246957e-01
3.849099736590450e-01
1.181927287570167e+00
6.519221917967881e-01
8.562775286176603e-01
1.456423477016587e+00
1.109378217770428e+00
1.319706067591769e+00
1.299878014856893e+00
1.049795699794682e+00
9.163264492137015e-01
6.986319346812703e-01
9.069261881089425e-01
1.708443546997590e+00
8.106943884914248e-01
3.405873753785097e-01
2.520179866124029e-01
6.663009946543262e-01
1.520817155260973e+00
1.373928471176852e+00
1.615815069347534e+00
1.003870524002179e+00
1.051896904619363e+00
1.231275937627664e+00
1.054683708145602e+00
1.069082803125066e+00
1.074672122986369e+00
1.014371031901972e+00
5.339331764420183e-01
8.148964610020148e-01
9.648200608626101e-01
7.307629178887061e-01
9.323609554825170e-01
1.190578794661247e+00
1.057801871587430e+00
1.476055769937139e+00
1.069325333493448e+00
1.150880024373010e+00
8.405696371759147e-01
4.538920155977328e-01
5.631061510942439e-01
1.125081440957767e+00
1.243778177184881e+00
1.179823946291499e+00
1.301065321220581e+00
1.004853754306610e+00
1.577048631188017e+00
1.456344376996320e+00
7.799441771488376e-01
5.217853405148654e-01
6.462180333427238e-01
9.864863911580697e-01
8.767761936768779e-01
9.774871272861432e-01
6.261482982086709e-01
1.674447993130632e+00
4.474205465276821e-01
7.971254907535043e-01
1.288123094145266e+00
1.484843299484273e+00
1.761334432177867e+00
7.478016134108425e-01
1.301716596028636e+00
9.508294532777879e-01
5.906212397807377e-01
5.711769948579264e-01
7.717525771687518e-01
8.455644752111121e-01
1.402134873160224e+00
6.808132038828049e-01
4.275176582986105e-01
2.892830247475220e-01
9.797969316038290e-01
1.447029465551968e+00
1.224227531917499e+00
1.592128937408388e+00
9.110510227787546e-01
1.034539842528543e+00
5.111333772126275e-01
6.186708126304069e-01
1.000347879249764e+00
8.468065507927940e-01
2.776991744887546e-01
2.900256324978664e-01
4.608053916417087e-01
7.562173221987754e-01
1.744534194816153e+00
1.386212275077688e+00
1.069707230697249e+00
1.569426328674623e+00
1.348306034388163e+00
9.795199618579448e-01
1.791998946476727e+00
1.126293434354613e+00
6.137511979852576e-01
1.316384538224146e+00
1.474933933222170e+00
2.146156650104633e-01
1.045481830856521e+00
1.413131205557441e+00
1.496171803910365e+00
1.159508321508536e+00
8.563595939690059e-01
8.356958370821997e-01
1.539933840529963e+00
1.668057787077528e+00
1.047227412018565e+00
7.511137960251019e-01
9.695697938881674e-01
5.595258784291920e-01
9.514387594309816e-01
8.312297565076638e-01
1.478517624306734e+00
1.445711723270692e+00
1.076933010517123e+00
1.013107761281127e+00
1.302143851901471e+00
1.317189080322715e-01
7.996872983871434e-01
3.444239927196987e-01
1.734045639975949e+00
1.105071075775228e+00
1.929570554257171e+00
2.923054002655229e-01
7.768622626442753e-01
7.240482623335198e-01
1.079145039468606e+00
1.190678348853569e+00
7.310091819292909e-01
1.071320685591232e+00
6.867627318421206e-01
1.421234070519560e+00
6.810232222457524e-01
9.572962843614148e-01
1.278651262297598e+00
1.291765435734654e+00
7.016783923384167e-01
1.087400317698438e-01
1.593713955764525e+00
5.504545343809084e-01
4.893593399270249e-01
1.662426153506351e+00
3.963619812374758e-01
1.655818658254956e+00
1.344189291048883e+00
7.894146585787715e-01
1.692166733412150e+00
1.246288458000071e+00
1.370113607202709e+00
4.993962559380551e-01
1.352873550892283e+00
7.457698466003732e-01
1.153811812472442e+00
1.115132224334000e+00
1.027294381534352e+00
7.366704478565000e-01
1.220217124195871e+00
1.189206359996091e+00
9.912924542982562e-01
6.522793907915612e-01
1.859721033768599e+00
1.331414548834513e+00
1.084322261663304e+00
1.204251775147511e+00
8.595849042104486e-01
1.043485065011068e+00
8.534876410167141e-01
5.667825679140084e-01
9.146189307396388e-01
1.000368941109799e+00
1.200793232396614e+00
7.318568898978908e-01
1.318748513850732e+00
2.062722892529668e-01
1.818365474612622e+00
1.268531814342612e+00
2.142036562851647e-01
1.120851184763411e+00
1.145862318643305e+00
1.507989438021551e+00
7.784848282013483e-01
9.945075800616795e-01
1.688898096647532e+00
1.310310355066466e+00
1.386137602099281e+00
8.146784826250181e-01
1.301257478679184e+00
1.234444161054885e+00
3.030148494537058e-01
7.705747684326837e-01
1.050133048114429e+00
1.586139659204585e+00
1.249252251465457e+00
1.825903799303762e-01
7.965154898336695e-01
1.035837634483277e+00
1.323122760431433e+00
7.242345710863520e-01
1.210436248318495e+00
8.020254889512554e-01
6.423928037483212e-01
1.695852598033777e+00
1.194615153686430e+00
8.968880078275167e-01
9.967475570723170e-01
3.361917144321798e-01
1.374144461645812e+00
1.245966881162472e+00
9.653716976593116e-01
1.002122560051327e+00
6.738667826512208e-01
6.790160190682002e-01
2.222324792399222e-01
1.061278585373088e+00
9.091843654910029e-01
6.616308072868877e-01
1.028978070723348e+00
1.034434647315384e+00
1.743117429662085e+00
5.746403306604551e-01
9.800374102685775e-01
4.887543839815792e-01
1.494931578400978e+00
1.315038185247704e+00
8.467794581534246e-01
8.223531846061131e-01
1.289973674942727e+00
5.875547624135180e-01
1.032891883995799e+00
8.138943173987300e-01
1.121792520453126e+00
9.668912556799554e-01
1.541334213009725e+00
1.204118054455201e+00
1.612141228566012e+00
1.257628508963449e+00
9.623501486900961e-01
1.218949034446361e+00
8.764219399897483e-01
1.023545407701072e+00
7.276672319172263e-01
9.031668328229183e-01
1.524959254788681e+00
9.901952333702684e-01
1.211287254100334e+00
1.104879664306007e+00
7.125179910624949e-01
1.289875787352154e+00
9.423580276511414e-01
1.211370732733687e+00
1.507905055073977e+00
3.602606283315739e-01
9.003803687637580e-01
6.928578124814004e-01
8.612543748976915e-01
1.102278905502651e+00
1.001564783044888e+00
1.299308635433814e+00
1.480235736109426e+00
1.322016791124836e+00
1.136208435118296e+00
2.551690331917112e-01
1.625940853089998e+00
1.187917883595413e+00
1.335869588114261e+00
9.601674363762920e-01
5.341031763395775e-01
6.720847392790414e-01
1.728213062848995e+00
1.076947303059021e+00
1.253322512960677e+00
1.591475330102945e+00
9.258730401871134e-01
1.148186424816114e+00
1.569241884429586e+00
1.248351608053013e+00
1.045476546997892e+00
1.324325393570739e+00
9.368897434030147e-01
3.059173744665074e-01
5.533126585899445e-01
5.258529211980537e-01
1.010046575688779e+00
8.527976013034571e-01
9.692851072034263e-01
7.747967679867507e-01
1.009279553317129e+00
9.614526009938925e-01
1.338649043505382e-01
8.674474194959958e-01
1.188779469201704e+00
8.165388730431622e-01
5.688392364274892e-01
1.481046636812876e+00
9.508249140115571e-01
1.514329792239857e+00
3.408181752733970e-01
1.131071819984853e+00
9.240784854274608e-01
9.871045793346616e-01
1.266664877658088e+00
8.365987994878548e-01
7.160229923743862e-01
1.198432836308346e+00
1.060679834364299e+00
8.459761607674769e-01
3.213340189872933e-01
6.608571194395689e-01
1.025606420834365e+00
1.367114963180905e+00
1.101186181465716e+00
1.636151894291934e+00
8.048873645276239e-01
1.741935615773283e+00
7.118943015634522e-01
1.807526376940090e+00
1.095817232083444e+00
4.002196264454255e-01
4.912616682663847e-01
6.348585531277854e-01
1.067702418690409e+00
8.745509297002810e-01
5.774754726223068e-01
6.302683631099149e-01
9.203787883372878e-01
1.806295584797065e+00
1.409893684280055e+00
1.083151694891579e+00
5.305360427734145e-01
1.719270892776209e+00
1.785894889750469e+00
1.535412036131794e+00
6.700912670558743e-01
1.223925408080186e+00
1.514333603677495e+00
4.048770076617957e-01
7.678677718005458e-01
5.536406517744255e-01
1.038434372767077e+00
9.665030962631587e-01
1.017538894907357e+00
1.776206707943327e+00
1.706140403498961e+00
1.101761607034952e+00
1.307329436441571e+00
1.285838273486978e+00
1.083862495647679e+00
1.476964350546228e+00
1.339839630452841e+00
1.684669020904540e+00
2.322343425975341e-01
1.162596036755757e+00
1.751589754015016e+00
9.689957303781974e-01
9.112404663633743e-01
1.218518169232885e+00
6.348702971054569e-01
2.650834514131227e-01
1.257567900352910e+00
9.437012313602964e-01
7.865954725009368e-01
3.101063232450310e-01
9.569747792356530e-01
8.751146136201521e-01
1.051311113895528e+00
3.858912421324716e-01
1.674106520448861e+00
7.082891840060657e-01
2.163155899459103e-01
6.161202209145391e-01
1.132552910657857e+00
8.167694266032286e-01
4.437529204617034e-01
1.155334199851069e+00
7.018968969126683e-01
7.811464112164204e-01
7.277333143762001e-01
1.013814720797266e+00
1.840124396532831e-01
6.970732527305714e-01
1.710158642712123e+00
6.363080626522695e-01
1.429608996691932e+00
1.438407401292775e+00
3.131935276618197e-01
8.436194122040735e-01
7.114609138627821e-01
1.523579291777489e+00
7.971569042639606e-01
1.816089964386118e+00
1.024031437478974e+00
1.896369709119373e+00
1.285701169299754e+00
7.795524209642560e-01
9.375391462526932e-01
1.220431069014795e+00
1.784976931654372e+00
1.107290315026087e+00
2.283246434425584e-01
1.452282339079437e+00
1.509272908097726e+00
3.497663984772594e-01
5.238592072966785e-01
1.501697035274327e+00
1.022071855618652e+00
9.616773826822999e-01
9.117707414141720e-01
1.130850947988616e+00
1.211882844665964e+00
1.114970300865811e+00
3.058466516928033e-01
3.646750009454205e-01
1.092740889681848e+00
1.696132882822367e+00
9.053615955195211e-01
1.412335896590881e+00
1.129414002936992e+00
1.061147362022264e+00
7.037135081848658e-01
1.312932063039826e+00
1.449183510359928e+00
4.272586193062638e-01
9.356146803757244e-01
1.875933074800266e+00
1.807188168078283e+00
4.115408917011418e-01
1.767766821090023e+00
8.569620600235472e-01
9.613428157574231e-01
2.887044350098374e-01
1.255439210336394e+00
1.166808123777997e+00
5.441363367923239e-01
1.299412468587706e+00
1.225359553576149e+00
6.180169543335292e-01
1.010951483627293e+00
1.061585323913761e+00
1.064539018582804e+00
7.072853211813073e-01
3.443930942306263e-01
1.214734734136022e+00
1.046676624122391e+00
1.494021625022414e+00
1.021451751711523e+00
5.395910155678125e-01
9.061986482265398e-01
4.806807434562038e-01
1.801255268417883e+00
6.972962993650216e-01
4.589034279151372e-01
7.899129697074708e-01
1.067281873462387e+00
8.064472823433798e-01
9.594743451846178e-01
8.853195178719795e-01
5.651368743577678e-01
1.255447331003587e+00
1.303292177293120e+00
4.316237654684222e-01
1.300626227772155e+00
1.625010166608268e+00
1.545870185152567e+00
4.402018591948794e-01
1.472647488337312e+00
7.863364851969930e-01
9.573067058610296e-01
1.453805406323543e+00
1.107464079795156e+00
1.487891171820411e-01
6.986924785648903e-01
9.244872401116822e-01
8.570445570429063e-01
1.347870220126524e+00
6.547896664844778e-01
1.049924604617956e+00
1.082829813977159e+00
1.120683514103612e+00
1.327821539401925e+00
6.966127281527094e-01
9.701220625872361e-01
8.415059036768535e-01
1.189723096876276e+00
1.676089199574706e+00
1.031177252079909e+00
9.960757070202733e-01
1.044407889733281e+00
3.634027472526779e-01
7.099730757577219e-01
5.174842600326446e-01
1.357958368658069e+00
1.206302036161675e+00
1.318321769273990e+00
1.033976187945333e+00
1.037790797202750e+00
1.499285866273234e-01
8.497554454252847e-01
8.397712627610989e-01
1.035613225789561e+00
1.551485845144599e+00
8.225993452698921e-01
1.427195951075850e+00
8.823497318114851e-01
6.519425556305528e-01
1.198532482701602e+00
7.354367658195258e-01
1.485723128768487e+00
1.548625211952545e+00
7.439372864290781e-01
1.353973013513709e+00
2.244381249064757e-01
1.131565303137323e+00
1.218049828995974e+00
7.634759353303704e-01
7.400450975354971e-01
9.379542790995697e-01
1.197568826469392e+00
5.392664710708271e-01
1.451579287392823e+00
6.930832111710139e-01
1.649530151230064e+00
6.532517236905414e-01
1.201720066928174e+00
3.091648618267685e-01
1.133832722498958e+00
3.265670399770918e-01
6.122408949827035e-01
9.327219742968316e-01
2.582220068472540e-01
9.372690817980417e-01
1.681457779687577e+00
1.260903209103692e+00
1.000235405750682e+00
9.564644517174291e-01
2.980400148304366e-01
1.158529255147339e+00
4.011912613181357e-01
1.821528973906082e+00
1.437464439513844e+00
4.648349091712548e-01
1.480318441279381e+00
1.712042582552900e+00
1.299684966588246e+00
8.052334486531249e-01
5.585715130709911e-01
9.114201841463428e-01
1.239034947584865e+00
1.460364058828151e+00
1.338736724731855e+00
1.481325682942441e-01
6.640753213614576e-01
1.113926122018102e+00
1.756332758234969e+00
6.846676551199833e-01
1.209279601559639e+00
3.622634128491689e-01
5.611797559825609e-01
1.748158798901438e+00
1.304933136471050e+00
1.011224668943894e+00
6.530109400176494e-01
1.154868876633639e+00
8.812095815694004e-01
1.489437436912878e+00
9.750021947431389e-01
8.618870479342933e-01
7.356146316675537e-01
1.475114436575731e+00
2.483355283030940e-01
1.775224190100666e+00
1.192963021897228e+00
1.129509026710647e+00
6.582119258391727e-01
5.678375789745884e-01
1.646189825910232e+00
1.512404073268363e+00
9.752594213817546e-01
1.185095163148406e+00
8.944070352681014e-01
1.299041750980095e+00
9.947087224548257e-01
1.069498298256424e+00
1.057898795724799e+00
1.105059746701764e+00
1.739162816544605e+00
1.109457665174016e+00
6.549785796808911e-01
1.224988696735813e+00
1.385026038803638e+00
1.132634172743482e+00
1.182541299696332e+00
9.716239962594695e-01
1.084505132904511e+00
1.277768726124321e+00
1.458979971454935e+00
1.076380243094815e+00
7.227456945566207e-01
1.186888413125132e+00
1.033559394084643e+00
1.032736380599782e+00
1.200348740536882e+00
1.261282203375028e+00
3.699921240890362e-01
1.457629564431324e+00
3.800893972535103e-01
1.162499639746966e+00
1.131445227252061e+00
1.199934425391226e+00
2.978875503399818e-01
5.960585640725021e-01
1.956286366542935e+00
1.304962487102003e+00
5.045207233654897e-01
1.479797603785897e+00
9.583268295779483e-01
5.990247165779699e-01
8.084115259388516e-01
9.725164542778005e-01
1.084047046994812e+00
1.578718841811046e+00
5.275743182411298e-01
9.415666786681706e-01
9.111683759424688e-01
1.006894465073428e+00
8.752744891099978e-01
7.383384717341226e-01
2.546944353984177e-01
1.649375741206750e+00
1.058082461849825e+00
1.191936310004413e+00
8.735622441738669e-01
9.606378301794816e-01
4.400118265487309e-01
1.278768804519795e+00
1.267297564198867e+00
1.470161490361281e+00
1.004168502057050e+00
1.060014072833589e+00
6.565221141355680e-01
1.671722764927765e-01
6.644510140942647e-01
4.281938823071280e-01
6.545799359002058e-01
1.524982674757476e+00
1.383814648903820e+00
1.772804126503321e+00
1.518954141307135e+00
1.062252949020943e+00
2.853141949909340e-01
1.275675212627125e+00
1.273298624098905e+00
3.299752303073068e-01
8.936957749043105e-01
1.344888816748228e+00
5.463430874731128e-01
1.388271160604559e+00
1.673396280814612e+00
1.771291651190860e+00
1.098781564784600e+00
2.217593347755072e-01
1.109139571948508e+00
3.087857385672563e-01
7.619080998757426e-01
3.894346116061483e-01
1.227517264535426e+00
8.826650469017517e-01
9.514432777424544e-01
9.071690174318707e-01
7.896759774487819e-01
1.084152981678095e+00
1.359163063745556e+00
4.536123715590743e-01
8.631287933621223e-01
6.056300371911516e-01
1.824035071685927e+00
1.557449825367634e+00
5.921495382637482e-02
1.225728959881574e+00
8.266287296203099e-01
1.149058728548260e+00
1.230050710602687e+00
1.462293099361608e+00
7.601209705509809e-01
3.531520503354967e-01
4.265099886928266e-01
1.353379960336434e+00
1.256993374441282e+00
1.287644234619869e+00
1.436651256138762e+00
7.976619241748293e-01
1.303959606356900e+00
6.491040404183344e-01
4.916073109449853e-01
1.444075052367558e+00
1.569405141551702e+00
9.922140594535573e-01
1.141697235937089e+00
1.505444394659924e+00
1.003941049335497e+00
2.372161816978903e-01
8.923657964413827e-01
9.919407903179250e-01
5.488628733665043e-01
1.738312670839165e+00
8.210587938414230e-01
5.351480927947667e-01
1.233995601643806e+00
7.640768274497598e-01
8.392389481138620e-01
1.089000949677546e+00
8.389612305159500e-01
1.421401281571668e+00
4.913393750280791e-01
9.408760969251748e-01
3.045610214139153e-01
7.570869036750342e-01
1.359590066298652e+00
1.630244281436430e+00
1.515638102086093e+00
3.295817609548484e-01
1.280656368136712e+00
9.915792737116940e-01
1.472853272442172e+00
1.244949935583840e+00
8.735673576004650e-01
4.657919101723432e-02
8.564634266572368e-01
5.808118281796630e-01
7.043962155954895e-01
7.871955133914927e-01
3.949935708171658e-01
1.656944724105738e+00
1.269978045145971e+00
5.210047683310717e-01
5.271413403223927e-01
6.645067984538650e-01
3.657616141092785e-01
3.554483346433604e-01
1.020160350957960e+00
8.350185504346240e-01
1.156777154727269e+00
9.536395012185162e-01
8.190969796008882e-01
5.629361521280073e-01
1.267908815419259e+00
7.434607514848284e-01
3.448502055112507e-01
1.897404027589319e+00
1.669491693689251e+00
1.146895835244514e+00
8.783029545463170e-01
6.377570599493371e-01
7.829065685080862e-01
1.310696915402402e+00
8.830571681647827e-01
1.541825345504016e+00
1.458581886002134e+00
1.385758037858530e+00
1.435342288313127e+00
7.978396787298097e-01
2.914804119111413e-01
9.112829905521511e-01
9.332222100036321e-01
6.656835310466976e-01
1.143106301847429e+00
1.187615149741813e+00
1.247821710653520e+00
1.139490953711556e+00
1.424459030118053e+00
8.829191941222732e-01
1.222895613043986e+00
2.065684302740584e-01
1.795607616098415e+00
7.772037660596910e-01
4.636961652262584e-01
1.341448957725171e+00
1.732632486956489e+00
1.354208277703360e+00
1.178523360369039e+00
1.442117722445222e+00
6.725611368532112e-01
7.350270919199228e-01
6.003338981421356e-01
1.811826074873947e+00
3.608404064368644e-01
6.447109843812469e-01
1.657514495615621e+00
8.461278117476626e-01
8.701320429659132e-01
1.309246128103345e+00
4.996750329153962e-01
1.038278209063354e+00
1.341859727791445e+00
6.364449908195273e-01
7.309607037952919e-01
1.256548687469470e+00
8.137902993773065e-01
1.373561634390411e+00
4.503891996342639e-01
6.912782530725367e-01
3.135993901237842e-01
6.649498104420257e-01
8.114640991256872e-01
1.277114005422738e+00
1.455089139964007e+00
6.831753750719015e-01
1.128528833449133e+00
1.841037795804925e-01
1.232223409336164e+00
9.788407129137036e-01
3.758619406148149e-01
1.111635913193056e+00
1.264793035697561e+00
3.765509689117553e-01
6.921344998721659e-01
7.045393514933714e-01
1.192880549092256e+00
7.433885935430361e-01
1.132091677809177e+00
1.064828938834755e+00
1.579974995730433e+00
1.639753241389875e+00
1.332728039628234e+00
1.601620317251245e-01
8.432672041669801e-01
7.919004344343675e-01
1.470601538415347e+00
1.400056146737214e+00
7.436582123598354e-01
6.635751317551244e-01
7.072394083753413e-01
1.572736564359039e+00
9.834371823740364e-01
6.287241604312901e-01
9.669643686930482e-01
1.770144624062881e+00
8.206966248437281e-01
1.448173748537979e+00
1.456191677812576e+00
1.213528995967251e+00
7.818352215838782e-01
1.304569160241899e+00
8.938761855912749e-01
1.377051232558233e+00
1.100065606227175e+00
8.026438601327333e-01
1.035357250848486e+00
2.493150104998215e-01
1.237381470500204e+00
6.703746969208003e-01
9.875311478914373e-01
4.360026113856595e-01
8.958895587808871e-01
1.215814430367115e+00
1.193131180104395e+00
9.557440145666450e-01
1.189652821603070e+00
4.949726827884897e-01
1.005879626146462e+00
8.188766435807927e-01
8.597486623841099e-01
7.957686897347536e-01
1.484368372002788e+00
7.792282508589459e-01
1.489212186303554e+00
1.189215203835263e+00
1.139930859273267e+00
8.179518058048337e-01
3.160001618396491e-01
1.014720038983375e+00
1.399695193581141e+00
6.771185182394079e-01
3.309360497309529e-01
1.042187828124588e+00
1.050827289955144e+00
2.542622761122241e-01
3.860746181505148e-01
7.561072557028882e-01
8.946465984427587e-01
1.325380027445676e+00
6.621212794734730e-01
1.272344110660415e+00
1.287467869598171e+00
1.472484336454647e+00
1.044242793249079e+00
5.886261372774030e-01
1.039489221311868e+00
6.953425885622122e-01
6.228859651009022e-01
1.844415450861871e+00
1.090482635465675e+00
7.416542716052636e-01
9.833428696651676e-01
1.043610462473524e+00
9.610427925181775e-01
2.462138530082135e-01
1.116227509042354e+00
1.435744474844888e+00
1.557388718033856e+00
1.032183995019730e+00
9.164042966051047e-01
1.007013041995006e+00
8.681968100686543e-01
7.837868238723775e-01
1.105148823049454e+00
1.236268992180130e+00
9.729515714444926e-01
3.970612675869192e-01
1.408724333349953e+00
1.429870612653843e+00
8.353868731462335e-01
1.347176968747367e+00
1.003313736991637e+00
6.939776184474945e-01
6.818332470403208e-01
5.713830066711563e-01
1.234193122123458e+00
1.083803528958840e+00
4.859112112251628e-01
7.097270613115871e-01
1.382719463846981e+00
3.660288762143016e-01
8.473225337673549e-01
9.498250279341941e-01
1.709244490000068e+00
1.272143431134589e+00
9.146470790331470e-01
4.734573101035586e-01
1.397010910509625e+00
1.562372935266408e+00
8.019230225132420e-01
9.202393800580125e-01
1.463260635018004e+00
1.021492747599954e+00
1.228608912429125e+00
1.229991196296174e+00
1.462036149791459e+00
4.415695450462260e-01
4.593435919188631e-01
1.187749380333232e+00
5.038352606370278e-01
9.592255265262097e-01
7.034243260060551e-01
4.526471837668899e-01
6.412175701191731e-01
9.437009929417172e-01
THIS IS THE END