AMATH 583 VECTOR
1024
9.071470116686148e-01
6.702414441220846e-01
2.086669175396368e-01
1.710262089363089e-01
9.180024990675103e-01
2.494283363611121e-01
4.419231680518597e-01
2.548592802478997e-01
2.853021627905146e-01
4.771231509181565e-01
3.940823618126126e-01
5.602990535254060e-02
6.812758062706413e-01
8.893164167005386e-01
5.842558542022638e-02
9.428791805225542e-01
2.294878668167811e-01
5.622662083061606e-01
8.245795948243257e-01
6.686153400320421e-01
4.995724804077780e-01
5.326715880743442e-01
6.028634345208191e-01
2.407767218067273e-01
7.579636161120716e-01
1.739811214644183e-01
1.017566271647632e-01
5.890664629178509e-01
7.510828882346254e-01
7.275916339849695e-01
2.213407615414859e-01
7.856102121681798e-01
3.830524144190665e-02
8.974005746833722e-01
6.820117477936942e-01
8.765310755195490e-01
4.272364583264008e-01
9.797665174368735e-02
8.726774671828981e-01
4.257417058381239e-01
6.916232748509253e-01
5.022149223951543e-01
1.793892699761519e-01
5.144564086911403e-01
1.944358979925751e-01
5.338716620966329e-02
7.712117654544969e-02
8.536029673126166e-01
8.137972280804029e-01
4.134819852822669e-01
3.701134411829541e-01
9.362408206550243e-02
1.046806900731939e-01
2.067736883948016e-01
7.345742524920754e-01
4.277634063939432e-01
3.824089250686327e-01
6.376554472775736e-02
2.095230070150354e-01
2.726821921939696e-01
7.679894706325043e-01
9.616805514663752e-02
1.316775414338139e-03
2.248633164742135e-01
9.377463368251734e-01
6.340654788495557e-01
8.100753301496972e-01
7.207587148795126e-01
6.260306495669231e-01
6.311397673933676e-02
6.879316894424180e-01
3.665115572628608e-01
5.130909773898772e-01
1.042557452882923e-01
6.842679310942766e-01
6.984975957009569e-01
7.933641554352283e-01
8.266286075188144e-01
8.184361048662451e-01
2.787863888809858e-01
4.974164150047096e-01
4.885012607762340e-01
1.850010276631237e-01
5.394449771756015e-01
1.500954212286417e-01
5.855933085348634e-01
4.767791477436081e-01
3.270769390839998e-01
6.355513463883520e-01
6.709936112225247e-02
4.685848555052976e-02
8.329333553405025e-01
1.087553483954147e-01
1.136849270857196e-01
1.026029623999617e-01
5.267829311341744e-01
6.862423941262937e-01
5.478048386933783e-01
6.452176188027007e-01
6.128884250727207e-01
1.484429363828434e-01
4.331175094162916e-01
8.392088218139322e-01
8.118282823833600e-01
6.569045912015099e-01
8.326465364157584e-01
5.040295681024705e-02
4.009745323944265e-01
6.471795804584382e-01
2.520850369338651e-01
3.282848943798007e-01
9.363602412416661e-01
1.965807344658302e-01
8.612755254536387e-01
2.342807810310714e-01
1.591497058802747e-01
3.701305976997393e-01
3.819736596740164e-01
3.678012999534036e-01
2.836153050365300e-01
6.993845392311907e-01
4.611415829923806e-01
3.806990328846465e-01
8.513299233202031e-01
7.084530602924167e-01
4.849502081874425e-01
5.063474528599884e-01
1.065149542527971e-01
5.570867848187211e-01
4.462906753379169e-01
3.214697775499490e-01
6.878103200479084e-01
2.315414543754385e-01
7.889767152242717e-01
4.250054414356610e-01
6.989819817869236e-01
3.624572044187046e-01
9.474539085319762e-01
9.215290957585676e-01
4.694942932634432e-01
7.556302269336510e-01
6.858067774672644e-03
1.798379548244913e-02
3.293289378142060e-01
3.871877922545224e-01
3.770032912907660e-01
6.457735506194846e-01
4.320079165829704e-01
2.866925232207350e-01
3.384451869275687e-02
2.165604445028606e-01
4.480047906781431e-01
5.573266411993804e-01
6.677862438075439e-01
8.515920650328921e-01
3.520555488675357e-01
4.238349831724482e-01
7.594305832304558e-02
1.018231097206554e-01
7.539961244819585e-01
1.633351663925762e-01
2.344089344413177e-01
4.081387612558657e-01
9.615682932143399e-02
7.650869865356359e-01
8.411359155979923e-01
8.174432302785689e-01
7.355109895269358e-01
9.324202662109478e-01
6.484062654211170e-01
8.676834430041879e-01
3.061310022114844e-01
4.853014224833209e-02
3.551878157735788e-01
6.834988305654350e-01
1.539795265900111e-01
1.472089001478820e-01
6.464089254071621e-01
6.338827645847117e-01
5.965246468712155e-01
3.783500904985992e-01
4.228041090489265e-01
8.464521153273959e-01
6.372024825029882e-01
1.969070355993154e-01
6.307627440334361e-01
5.426852840561127e-01
3.207018088731053e-01
1.623152874661078e-01
2.372716130065193e-01
8.990446407146624e-01
6.929925314748695e-01
6.566872734003297e-01
3.751421793334032e-02
9.368656406567119e-01
1.188448052809583e-01
1.523941558664236e-01
1.702774977099942e-01
7.161674375262619e-01
6.082872542153486e-01
9.168620725810748e-01
1.311334851926949e-01
8.181228484157392e-03
3.501647674857006e-01
7.607992415517570e-02
4.972418396959840e-01
4.117420129782951e-01
6.521212431767741e-01
4.440993313676577e-01
6.368152267929611e-01
3.553989043971293e-01
4.214947053085920e-01
7.454845238339519e-01
9.277040283167818e-01
4.353363695424298e-01
3.388474911243863e-02
8.927131080944405e-01
5.852366713728492e-05
3.116461825865611e-02
8.927213038205649e-01
1.378040926413050e-01
6.852899451051957e-01
7.315192814975521e-01
5.147692885968398e-01
6.907951964948971e-01
8.713418223942451e-01
8.361834705701258e-01
4.442106595673267e-01
6.030229679954893e-01
6.472786463367754e-02
1.917085254148810e-01
8.841263634729603e-01
4.539252787381761e-01
5.649065781883118e-02
8.056012646750359e-01
7.681100523431784e-01
2.178995558100151e-01
9.582480240060814e-02
8.993664601222704e-01
3.871553832337370e-01
7.847475342674564e-01
7.783602490660230e-01
1.008352641571974e-01
3.428008798431240e-01
1.287655066704395e-01
2.121577282815732e-01
7.420803742804900e-01
8.607218023449072e-01
4.522830457571632e-01
7.631795014665181e-02
6.879740571641288e-01
1.261432007381407e-01
9.038667240677458e-01
7.801217447420982e-01
1.805707771018147e-01
3.707509080340619e-01
3.306602401409031e-01
8.562049247458305e-01
7.325336634907671e-01
4.195196528442452e-01
8.862706916772538e-01
3.008285062293502e-01
4.590897703834471e-01
1.838201059781495e-01
6.929899794856861e-01
6.137959911947255e-01
1.628242638350578e-01
2.196535480879315e-01
4.945070249252943e-02
5.879613549150168e-01
2.739431356377909e-01
5.448485863044202e-02
4.296272415375392e-01
2.772785580025385e-01
8.712545345181244e-01
3.215787919283511e-01
6.151296672173053e-01
6.717361030285546e-01
5.658901203191932e-01
7.753388575301468e-01
7.522111078391884e-01
6.407254215202888e-01
3.554984696741145e-01
1.900030049648853e-01
7.927238199247464e-01
5.413788913436836e-01
2.703405633813729e-01
4.623828853446155e-01
2.895292499098368e-01
8.857721654245952e-02
4.940816756540986e-02
8.255194901342948e-01
2.739106742821559e-01
4.613495097926970e-01
6.555414453365106e-02
7.447976298221635e-01
8.123882360002682e-01
5.436184774007445e-01
7.657998670177467e-01
4.407636593035861e-01
7.682915096846046e-01
4.103251272062093e-01
6.495884546738850e-01
7.354424526064455e-01
7.329628988462911e-01
1.413703059263523e-02
4.428519963152362e-01
6.265934177342933e-01
9.495746678698820e-01
3.723103858691341e-01
8.248525206206078e-01
4.934659215562864e-01
7.635437453658428e-01
6.198332684629114e-01
6.724218465606868e-01
6.618698010539658e-01
4.679748586844387e-01
9.344449511837318e-01
3.893510115653990e-01
5.414093471214443e-01
7.822108202073440e-01
5.128387473654522e-02
9.199222899224959e-01
1.323029553029878e-01
6.146122658246280e-01
5.477547941588806e-01
7.565617828184176e-01
4.244353379625724e-01
6.416794627626536e-01
1.985444896989499e-01
5.306167923789931e-01
3.558477741915044e-01
3.461080968286365e-01
4.714873737528730e-01
9.178410766595881e-01
3.937298923673791e-01
7.991745265368958e-01
3.799422155223732e-01
5.132550347244137e-01
4.239400888472228e-03
7.708542390435580e-01
6.221979738394987e-01
4.134335875214637e-01
5.091349306817103e-01
2.859645933648023e-01
1.812819491615524e-01
8.941078522335746e-01
5.828995424702723e-01
9.199003554113636e-01
7.160922820213808e-01
2.975913389962893e-01
3.412514374371888e-01
7.556813390103740e-01
8.658987412575456e-01
7.888137165616473e-01
5.428148846580007e-01
5.940138141682110e-01
8.626168507910338e-02
1.824197309640288e-01
1.551084478363689e-02
6.739233768554811e-01
1.821377720840313e-01
3.884122525425846e-02
3.812539557032740e-01
6.534911828148550e-01
6.100511009680071e-01
8.366947434632314e-02
4.274960897403798e-01
6.518312052152742e-01
3.316445890267938e-01
2.561888541940184e-01
7.252704029016974e-01
2.585588130137544e-01
5.545767628623670e-01
1.678284888742508e-01
5.107101138502850e-01
9.167375870454454e-02
6.610888985730612e-01
6.775440365680824e-01
7.823562144023535e-02
5.352252076213706e-01
6.616276720989972e-01
2.082841337981423e-01
4.046784528608359e-01
3.775560843471308e-02
2.317025206402750e-01
6.386894623790927e-01
4.250687750302739e-01
8.109870511265282e-01
8.049706873963950e-01
6.468669387206553e-01
7.121712819217075e-01
1.158858807100694e-01
9.012096247744026e-01
8.870587214550264e-01
2.110478068031381e-01
1.840405372593553e-01
5.880079014414001e-01
1.038079492453620e-01
7.777010801059957e-01
4.514944167897164e-01
1.560280687143705e-01
2.891207928200852e-01
8.431801516286809e-01
8.869826066257441e-01
8.366711816930943e-01
6.918760543912693e-02
8.560451278228506e-01
9.041547449199642e-01
8.586749313876042e-01
3.384584578035412e-01
4.837627468638674e-01
5.499807492052425e-01
7.048203431627248e-02
7.053301937010664e-01
3.832774498364756e-01
3.744214880967723e-01
1.133267584640859e-01
7.499615258258854e-01
9.297067366444446e-01
7.593622964528051e-01
8.229778805481821e-01
4.169978497810649e-01
4.098034427826762e-01
4.536222462109681e-01
6.780789049385161e-01
4.957844254616842e-01
6.804900153599871e-01
6.428310046388901e-02
3.360983663205018e-01
8.202967147638658e-01
1.194493127083303e-01
7.879239345311051e-01
8.273307824196062e-01
2.381351433443667e-01
1.733165438307566e-01
3.615122020257590e-01
3.038811753775297e-01
3.333967566812309e-01
1.791483074674037e-01
2.743701454316668e-01
5.641398770792621e-01
8.847230388570598e-01
5.379250804532656e-03
8.794586719173479e-01
1.043310396135791e-01
4.485434555427393e-02
4.848453743877756e-01
6.492910924945584e-01
4.998895812521390e-01
1.475295473435655e-01
3.208704113562604e-01
1.386892558996268e-01
3.231463426357064e-01
2.925600568399389e-01
5.478885589294239e-01
1.474183153867976e-01
3.562802245921430e-01
9.472033931391437e-01
5.208875096929574e-01
6.559303846320331e-01
6.506818636202923e-01
6.351350851968153e-02
7.357637344730574e-01
4.180912990873984e-01
6.909954832942276e-01
4.277914374715188e-01
8.535272458817367e-01
4.935897945967710e-01
9.405926261557045e-01
8.495174911996117e-01
7.250713796785198e-01
7.233461223375524e-01
3.002256522284077e-01
8.037917850382806e-01
8.343507675656923e-01
1.201362342180905e-01
9.037018852585933e-01
8.670038452687386e-01
3.134437263295199e-01
8.838185808928925e-02
5.757892664034427e-01
4.728224149166948e-01
4.972541893899033e-01
6.193033186812931e-01
3.375397647603279e-01
2.823712546611840e-01
7.443682977802228e-01
2.637031943278569e-01
3.439118750730038e-01
7.048518842233378e-01
9.163139555104520e-01
4.433564324142399e-01
5.326670358294748e-01
5.263538550007771e-01
1.418584073431132e-01
2.502859555220674e-01
5.692885764619585e-01
7.466319299265362e-01
2.108624647079307e-01
8.787665643788214e-01
8.538341587275693e-01
8.896607179176194e-01
1.304402089903695e-01
7.380426151317299e-01
6.215323166886887e-01
6.550457176677497e-01
6.872402467338856e-02
6.841844405993497e-01
2.477155027811815e-01
2.276088496881769e-01
4.122329533388798e-01
3.313719856664062e-01
4.367574527468464e-01
1.069637828002145e-01
4.810069387223039e-01
9.028034245133586e-01
5.321392987475499e-02
2.286606169480303e-02
4.755088115248606e-01
8.827171828986645e-01
5.808937494911026e-01
5.440306906247322e-01
7.432628003706276e-02
5.494674614204338e-01
1.563813289480492e-02
9.083693506212122e-01
2.603538034369828e-01
2.448158358958691e-01
6.748292944297288e-02
7.788353199923062e-01
4.658110796567826e-01
7.606317354393460e-01
2.522578550334936e-01
3.755107288828831e-01
3.237861995927769e-01
5.697667258305291e-01
2.109044696338208e-01
6.323006984964051e-01
6.751342495973801e-01
5.319801835081596e-01
4.117387544686443e-01
5.973554714762920e-01
5.537939825361022e-02
2.250722030424469e-01
6.387322678507730e-01
1.920576822415517e-01
8.530656210201169e-02
3.211929953848888e-01
7.981457484684452e-01
2.332370147939618e-01
7.129810098167585e-01
3.907854383823586e-01
8.387544768185720e-01
7.951931879039507e-01
1.365696838531780e-01
8.923198600441531e-01
5.783712971209767e-02
5.771306471802969e-01
1.587854038803968e-01
9.144054729745852e-01
7.505407329016816e-01
1.875708510552694e-01
8.705472396724014e-01
8.158288389939391e-01
2.708310176487798e-01
1.334638597950849e-01
1.246383028288401e-01
3.745566007114463e-01
4.792791626558285e-01
4.373507347925306e-01
5.538285714364213e-01
9.271723674516963e-01
7.169610791078469e-02
1.565266796785227e-01
9.729136946785522e-02
7.844501210838274e-01
5.419501484010381e-01
3.470313731628164e-01
7.499102372299244e-01
6.769930432983191e-02
6.056774221613577e-01
8.657768857698582e-01
6.456738456350622e-01
6.611515540322097e-01
7.781516831596215e-01
4.052386965369945e-01
8.817871757706286e-01
1.893464336761556e-01
2.345993787408293e-01
7.516081371936238e-01
3.102433469474856e-02
4.398607558618532e-01
8.322758495642494e-01
4.873676307239740e-01
1.809338456846055e-01
7.581886470943239e-01
1.463062189075014e-01
7.141278034141980e-01
6.160923241951373e-01
6.595867890467977e-01
1.950982669181843e-01
7.089524904300173e-01
3.068886329815021e-01
4.002759748074651e-01
3.358340802095331e-01
1.882106689829608e-01
1.946552865684333e-01
8.833229947056312e-01
2.859035806877072e-01
1.082845405417821e-01
7.728012289407163e-01
9.764239260847846e-03
2.874325424268870e-01
8.959279735853917e-02
9.267498030154127e-01
5.891968698312327e-01
8.550391548867987e-02
7.807833991639579e-01
8.241274368047499e-01
6.887367475609460e-01
5.629261809165877e-01
4.874273944609335e-01
2.329403174446293e-01
4.886019361729492e-01
9.246097649382254e-01
8.143978086200047e-01
3.056990587492602e-02
4.218168236457635e-01
4.446714847701878e-01
7.285709099385905e-01
4.885065736504828e-01
2.742945051641549e-01
2.452965563247969e-01
5.274099358940678e-01
7.474421851617223e-01
4.946250280358445e-01
2.433505856266555e-01
2.045306930327609e-01
1.818147600627783e-01
3.246341159613503e-01
5.340573026778883e-01
8.150239334448027e-02
1.981865938394552e-01
2.301170137573759e-01
6.594696303900892e-01
1.308980342532172e-01
8.131705652710934e-01
3.580293577123441e-01
8.191614295111136e-01
8.756317605631278e-02
1.503975126155913e-01
9.006299724088707e-01
6.692679671358902e-01
3.896435097083380e-02
5.457425635497148e-01
2.724948706883128e-01
4.770048910120316e-01
3.113734302049072e-01
5.332931384784890e-01
5.723918684890734e-01
5.193149871749060e-01
8.949387726380365e-01
2.615389504957753e-01
1.622866913495647e-01
7.090993375823721e-01
8.700634119726673e-01
3.036779321027220e-01
7.272576582562758e-01
3.228666212922800e-01
3.534967144616333e-01
8.344387402300122e-01
6.462501481267148e-01
8.226409780595612e-01
4.693336554347469e-01
9.131182059885300e-01
6.918291526088317e-02
7.772173020800168e-01
8.926210320231123e-01
3.574213034901338e-01
1.240206699986363e-01
4.708708319712252e-01
8.004990568227793e-02
5.497354934647781e-01
7.106820809191117e-01
8.028363236587305e-01
1.499384654670641e-02
5.567179066241273e-01
9.136534460250979e-01
4.929783119984070e-01
1.878311486297894e-01
4.831552980405509e-01
8.174575842198154e-01
2.431502473795069e-02
6.472163944768895e-02
8.708182450458186e-02
6.323058805335304e-01
7.622287475623227e-01
4.248462570078257e-01
8.808972691121824e-01
4.717677102525379e-01
8.672433499414691e-01
5.290281396394242e-01
3.237555291534303e-01
5.428865173178898e-02
9.417485171466321e-01
2.752816140480798e-01
6.441104280502653e-01
1.007438999285247e-01
7.121275991760257e-01
3.341526293551202e-01
5.013458183958424e-01
8.114408386226875e-01
8.122358928016916e-01
8.405143048757158e-01
8.469010294733382e-01
5.625612908149271e-01
6.937538775756814e-02
2.023319325934148e-01
3.725116133652073e-01
3.971124258539621e-01
5.028555164752737e-01
4.689847660480272e-01
7.639902152969104e-01
5.041121573735495e-01
6.356099263819798e-01
9.921065870661447e-02
6.588940761093772e-01
9.344264468228158e-01
7.834821765121401e-02
5.227444149041600e-01
4.343286438324377e-01
2.410065369925460e-01
8.106968228968046e-01
6.893181070183041e-01
8.094080275557397e-01
9.347158820465159e-01
1.806727457902329e-01
1.796533436431132e-01
1.905292527211797e-01
1.129433067879875e-01
1.994513754679121e-02
9.105547324102771e-01
7.972446301772970e-01
3.272243805473566e-01
2.562720550732108e-01
2.187422688527109e-01
9.251057365406067e-01
5.782086319821385e-01
1.800655173942060e-01
4.508349001134012e-01
5.008431536984372e-01
9.351391671957686e-01
6.277276620557606e-01
1.152321709844631e-02
3.248507440956587e-01
3.651557347286568e-01
5.844053726495181e-01
5.124364844155921e-01
5.335041902902387e-01
3.097690472949581e-01
2.368239198592253e-01
4.176450136588508e-02
9.381801426097094e-01
3.054980570026644e-01
8.399318814242578e-01
5.825366339966395e-01
5.351535709698405e-01
4.100731251488403e-01
2.239604977439744e-01
5.071176745964518e-02
8.289418402404365e-01
6.467895891437389e-01
3.645995980076320e-01
7.618420555607163e-01
5.928123732306175e-01
8.473822639369314e-01
7.868502256638686e-02
4.687686923083103e-01
9.422094931448219e-01
4.033639730836220e-01
8.039177204266456e-01
9.361887386095243e-02
1.714639620103359e-02
5.417990448287678e-01
6.647615999712363e-01
4.958638400475746e-01
1.103256497869749e-01
7.897887214593357e-01
7.381970597075660e-01
3.599543368136745e-01
7.892349047687971e-01
2.183839685069222e-03
5.109726848861457e-01
6.949345371428928e-01
9.129262550662767e-01
6.528343862201634e-01
4.813994248126647e-02
4.641989179254418e-01
3.334238656897218e-01
6.347694131770230e-01
2.593450527622699e-01
4.347110417152965e-01
8.691669785375746e-04
3.214495785156459e-01
3.483251505154381e-01
5.882451304352115e-01
2.811450269631643e-01
1.364551388343315e-01
8.720470389255234e-01
3.070031926363659e-01
4.207947834674198e-01
4.112100030663748e-01
2.826145513929200e-01
7.124319147940764e-02
1.639014600660323e-01
2.276801510418581e-01
6.581521493423150e-01
8.466177919376550e-01
5.644013051752329e-01
5.163317712505977e-01
2.830468093077566e-01
6.691033789130930e-01
1.300580563716778e-01
2.985948468722297e-02
8.635224410507146e-01
8.529276636959151e-01
8.932812059896551e-01
2.365329536194213e-02
3.723478806841437e-01
5.025852211704492e-01
6.883448544510403e-01
6.434772699539223e-01
8.885676385033572e-01
8.079075998409088e-01
4.805363171452539e-01
6.126078215766204e-01
1.945532540137581e-01
1.209045035985606e-01
4.818081883717464e-01
8.276645292942125e-02
4.894976209535855e-01
7.393013880098468e-01
8.239896622090054e-01
2.780444275197011e-01
4.090263350218711e-01
7.269692848090972e-01
2.383873711512133e-01
6.027386722314099e-01
4.878223433938274e-02
7.823289687910352e-01
1.321218101965956e-01
4.274344286433704e-01
5.679358030980076e-01
8.691937296289175e-01
9.260092657829544e-01
5.247421230361237e-01
6.743162816246373e-01
1.185896400698083e-01
6.260457286562952e-01
3.165482318155166e-01
8.339021740815815e-01
2.001667893115480e-01
1.757693771021496e-01
6.312468156667906e-01
1.064933279850577e-01
1.936141029230886e-01
5.281172631164349e-01
2.537362923542174e-01
4.600977400270596e-01
9.332407657711529e-01
1.519025440231097e-01
4.797411449910807e-01
5.823466008361570e-01
1.985942086929435e-01
4.138012691107712e-01
2.166081494921822e-02
2.202225201525379e-01
8.773763915557306e-02
2.252708559300374e-01
1.677207283146568e-01
6.044636993877429e-01
4.680339912985952e-01
2.340148667740664e-02
9.024125962845840e-01
1.516624760854743e-01
2.546899384241175e-01
2.965020964361159e-01
1.307621796368219e-01
4.347473381509573e-01
6.109033611290835e-01
1.209661717918206e-01
5.658228571757160e-01
5.972898604286975e-01
8.575398319679191e-01
3.096956175095613e-01
9.075748273304689e-01
2.409980303619346e-01
6.677258822114570e-01
7.895373749181316e-01
3.235863629618547e-01
6.844043587329217e-02
6.801207539678518e-01
5.252054700691022e-01
8.422486223548548e-01
4.698525865129812e-01
1.103662846929506e-01
5.202969308753012e-01
2.544987494617907e-01
8.929598278801419e-01
3.369073406824240e-01
1.300889858241776e-01
5.496907928506265e-01
9.118415141901858e-01
5.180049327970790e-01
7.830359168075016e-01
5.844852591360848e-01
9.026460088260279e-01
2.648564388607627e-01
6.776396332668241e-01
7.324866818755084e-01
5.823423005081900e-01
1.263185965508617e-01
4.197352719803973e-02
6.415066823618574e-01
1.519522594689778e-01
3.628659883795074e-01
1.983446952020166e-01
2.999864837405577e-02
3.451185596964010e-01
3.186193267118567e-02
2.307301160749783e-01
4.870110738382966e-01
8.553808553279721e-01
2.165961319915020e-01
9.536175695828723e-02
7.365029535769350e-01
4.603922588274055e-01
1.685623112794173e-01
4.623087583525806e-01
9.485622054125005e-01
4.998216603749187e-01
9.108686745360137e-01
3.590140055277987e-01
2.241694681366698e-01
7.055491915396166e-01
2.542035010781623e-01
6.929335208275231e-01
6.173379787666730e-01
6.415647558605863e-01
1.755508972899057e-01
7.690272325544305e-01
3.938648812411803e-01
2.106045625615616e-01
3.539758116231975e-01
3.146408367800804e-01
2.069214389885826e-01
3.604905162164382e-01
2.763755738409532e-01
9.338822158365214e-01
4.558845841785471e-01
6.034869133311110e-01
2.427158778865505e-01
1.386691358111134e-02
6.652086602216648e-01
3.900642264583274e-01
1.466575334379220e-01
9.040151842866038e-01
4.179646771367714e-01
4.677456697427506e-01
8.922370295005478e-01
5.705894939734025e-01
7.049714724589040e-01
6.890546471770345e-02
8.763192994467051e-01
6.776866233088806e-01
5.698056634020237e-01
8.653282337416787e-01
7.247204505632192e-01
5.399364133867088e-01
7.901225787693448e-01
6.346809371224139e-01
6.772133135833356e-01
2.344303487085654e-01
7.680483508862429e-01
1.333258244121247e-01
6.620055873689473e-01
8.452501439450575e-01
4.369652212120677e-01
7.416004118198476e-01
4.135339688672877e-01
2.913588993088607e-01
3.613296957697659e-01
9.382649685303282e-02
6.493380581432530e-01
3.367985835431123e-01
2.070930560477682e-01
3.875304639950199e-01
4.216313019267084e-01
1.839359185647900e-01
7.345668125166580e-01
3.027197395536562e-01
8.144406265101237e-01
7.502101851056256e-01
3.467099746515823e-01
1.103787355084434e-01
7.295577868638184e-01
8.834219155543435e-01
4.358097435777473e-02
3.703409181541439e-02
4.869272192170019e-01
3.984788905467436e-01
6.104038804306960e-01
2.981779718550014e-01
6.763633406325857e-01
2.355747952210626e-01
1.465124754277927e-03
8.132853622068423e-01
3.825361462089341e-01
2.970859391377279e-01
4.189799124541417e-01
3.868378530662043e-01
2.102312851350057e-01
7.474006907223721e-01
THIS IS THE END