AMATH 583 VECTOR
32
1.194788348525199e+01
8.683487516036996e+00
8.464278666408642e+00
9.375126715926502e+00
8.389025461259683e+00
8.381972691906610e+00
9.203422520499435e+00
8.995959293147742e+00
7.877749677526097e+00
8.042612123945837e+00
8.696714309916862e+00
8.387487781397997e+00
8.632867968523316e+00
8.025553027989911e+00
6.714507701478870e+00
9.471695394655859e+00
9.436427757758365e+00
8.079755014598568e+00
8.268542683918703e+00
7.570714405935059e+00
8.282748997799263e+00
9.720822735710295e+00
9.136413621356471e+00
8.743598391080807e+00
6.419888783652351e+00
7.583832802686209e+00
8.339698832167736e+00
8.163458028817452e+00
9.823424759658611e+00
8.558024198809251e+00
9.158954380544371e+00
8.942263572424439e+00
THIS IS THE END
