AMATH 583 VECTOR
32
4.643309093570704e-01
1.423210027145555e+00
1.782440570012922e-01
1.148504913389305e+00
1.451313229972443e+00
2.628224575730392e-01
3.001312178734182e-01
0.000000000000000e+00
8.754437981254262e-01
6.601108282664212e-01
7.674030067361036e-01
1.238268049410828e+00
5.577488725103739e-01
1.169023756908781e+00
9.489659393734587e-01
1.589124822237417e-01
5.760912309806284e-01
1.680893516736693e+00
1.432008808529889e+00
1.462763937713694e+00
2.414008993986724e+00
4.816660692538579e-01
1.114710820666704e+00
0.000000000000000e+00
1.395341908051996e-01
6.160290345817014e-01
1.572994232010666e+00
4.471959258792370e-01
1.860843302984508e+00
8.309026384603546e-01
8.478331201058320e-01
1.356097375291703e+00
THIS IS THE END
