AMATH 583 VECTOR
1024
9.524426553176915e-01
7.037079244403671e-01
2.190860692500537e-01
1.795658856535172e-01
9.638401786628367e-01
2.618827862953221e-01
4.639892654791424e-01
2.675849079469149e-01
2.995478637980055e-01
5.009468530774800e-01
4.137596732069551e-01
5.882758929339591e-02
7.152932541050451e-01
9.337217434932114e-01
6.134289040292748e-02
9.899590020021233e-01
2.409466496859429e-01
5.903412716418232e-01
8.657524841212446e-01
7.020006257584321e-01
5.245171219690317e-01
5.592689335156553e-01
6.329655976188209e-01
2.527991795226928e-01
7.958102378974716e-01
1.826683428057788e-01
1.068375367237430e-01
6.184797159482165e-01
7.885859416744606e-01
7.639217226598047e-01
2.323927433380823e-01
8.248372831497515e-01
4.021789787347330e-02
9.422095594658561e-01
7.160659426432410e-01
9.202980049514669e-01
4.485692193026511e-01
1.028688196571864e-01
9.162519783322941e-01
4.469998308676294e-01
7.261573922476533e-01
5.272915063087323e-01
1.883465308641766e-01
5.401442342159078e-01
2.041444667634296e-01
5.605289296063264e-02
8.097198935270868e-02
8.962250509747420e-01
8.544317324899284e-01
4.341279582279399e-01
3.885939369856352e-01
9.829891757029058e-02
1.099076038738282e-01
2.170983074312556e-01
7.712529971130440e-01
4.491224789289396e-01
4.015033586889055e-01
6.694948443535226e-02
2.199849049653788e-01
2.862977531209112e-01
8.063367031544152e-01
1.009699162565963e-01
1.382524613934813e-03
2.360911864024080e-01
9.845698652717144e-01
6.657256217048158e-01
8.505239928376507e-01
7.567476223952825e-01
6.572895975118920e-01
6.626538236917247e-02
7.222814786817326e-01
3.848122038807777e-01
5.387106242304252e-01
1.094614407557349e-01
7.184347816363139e-01
7.333749615277048e-01
8.329783961330440e-01
8.679038080703019e-01
8.593022375643730e-01
2.927067444160146e-01
5.222533999580208e-01
5.128930944543766e-01
1.942384947064512e-01
5.663805313251822e-01
1.575899823371274e-01
6.148331401007404e-01
5.005856731443599e-01
3.434085372571873e-01
6.672856815472644e-01
7.044976487311058e-02
4.919822236951358e-02
8.745233644147047e-01
1.141857179413483e-01
1.193614402410395e-01
1.077261311503715e-01
5.530862442930631e-01
7.205078335108738e-01
5.751578172553135e-01
6.774346100527023e-01
6.434911557675764e-01
1.558549856561492e-01
4.547439228998236e-01
8.811121773352437e-01
8.523644734417855e-01
6.897051360875858e-01
8.742222240540303e-01
5.291967608636230e-02
4.209959834911842e-01
6.794945363325507e-01
2.646721411797554e-01
3.446768081489377e-01
9.831145591955234e-01
2.063963991619630e-01
9.042807151117738e-01
2.459788835821575e-01
1.670963653210068e-01
3.886119501612205e-01
4.010463596326515e-01
3.861663459735766e-01
2.977767779015828e-01
7.343061919018189e-01
4.841672938708995e-01
3.997080882078540e-01
8.938385094021626e-01
7.438275221473666e-01
5.091647307896823e-01
5.316303821893550e-01
1.118334564901113e-01
5.849032293003533e-01
4.685748510382021e-01
3.375213990628353e-01
7.221540490734177e-01
2.431027769311810e-01
8.283718823587390e-01
4.462268033280162e-01
7.338835339685360e-01
3.805554091839843e-01
9.947621552249241e-01
9.675428652984756e-01
4.929370714784307e-01
7.933603379844503e-01
7.200504656508800e-03
1.888176194340073e-02
3.457729827360124e-01
4.065208441608217e-01
3.958278109300080e-01
6.780183006441306e-01
4.535789259027592e-01
3.010076476731373e-01
3.553444241896944e-02
2.273737356194173e-01
4.703745555460335e-01
5.851550621842756e-01
7.011301311203885e-01
8.941137403687992e-01
3.696343784079116e-01
4.449979017698196e-01
7.973504535841525e-02
1.069073388850816e-01
7.916446415668561e-01
1.714908141510053e-01
2.461134359455264e-01
4.285179364627776e-01
1.009581299037478e-01
8.032892922886131e-01
8.831354947216509e-01
8.582597867857011e-01
7.722365072799086e-01
9.789778534225085e-01
6.807824721004733e-01
9.110085926535579e-01
3.214167283481996e-01
5.095334819096762e-02
3.729230455928124e-01
7.176272783976175e-01
1.616680287577529e-01
1.545593315523860e-01
6.786854009510416e-01
6.655337841555168e-01
6.263103017706007e-01
3.972418584848018e-01
4.439155540633554e-01
8.887171428132417e-01
6.690192621522673e-01
2.067389931561141e-01
6.622579748100871e-01
5.697826331340627e-01
3.367150841917447e-01
1.704200106535200e-01
2.491190537107731e-01
9.439357169642745e-01
7.275950185617409e-01
6.894769671789729e-01
3.938737699733459e-02
9.836451942024963e-01
1.247789613552294e-01
1.600034973397867e-01
1.787797897955309e-01
7.519270934871990e-01
6.386602393531521e-01
9.626428084274022e-01
1.376812393486878e-01
8.589733396000105e-03
3.676491865737593e-01
7.987874517211632e-02
5.220701077590092e-01
4.323011056670459e-01
6.846829460396817e-01
4.662740889313976e-01
6.686126699990652e-01
3.731446742886420e-01
4.425407692056805e-01
7.827080398717466e-01
9.740261244466650e-01
4.570735750985674e-01
3.557668162303822e-02
9.372880384033956e-01
6.144586953401839e-05
3.272072925824706e-02
9.372966433583277e-01
1.446849234144599e-01
7.195078268272374e-01
7.680454853773329e-01
5.404727368338372e-01
7.252879663022644e-01
9.148496421588816e-01
8.779357643229587e-01
4.663909759681630e-01
6.331330969152661e-01
6.795985487660386e-02
2.012809110811357e-01
9.282725406476634e-01
4.765906652792313e-01
5.931134804119884e-02
8.458265284289730e-01
8.064633057482835e-01
2.287797114014531e-01
1.006095242223747e-01
9.442736054511153e-01
4.064868168935584e-01
8.239315300360003e-01
8.172253150573118e-01
1.058701682397491e-01
3.599176054633770e-01
1.351950229775137e-01
2.227511830733862e-01
7.791339144013514e-01
9.036993435135574e-01
4.748664323589142e-01
8.012865627190502e-02
7.223259619075461e-01
1.324417801259280e-01
9.489985764720471e-01
8.190747656948282e-01
1.895870329763680e-01
3.892632338168394e-01
3.471707596197588e-01
8.989569292864562e-01
7.691105174688205e-01
4.404670984672695e-01
9.305239393983613e-01
3.158494682590707e-01
4.820130302021340e-01
1.929986072671593e-01
7.275923391466924e-01
6.444440384602379e-01
1.709544012187768e-01
2.306212839813071e-01
5.191987382803107e-02
6.173194277180915e-01
2.876216579636660e-01
5.720539533403022e-02
4.510793790459071e-01
2.911236245609464e-01
9.147579958265452e-01
3.376358567446637e-01
6.458443075631951e-01
7.052772146208571e-01
5.941461327458482e-01
8.140530594690019e-01
7.897704955142786e-01
6.727181084792679e-01
3.732492110567396e-01
1.994902306233953e-01
8.323060874046321e-01
5.684110096508689e-01
2.838392021524903e-01
4.854705769035362e-01
3.039860177338058e-01
9.300005207443612e-02
5.187521504791231e-02
8.667393102621377e-01
2.875875757483707e-01
4.843856028674103e-01
6.882739256547177e-02
7.819868478840156e-01
8.529523866497690e-01
5.707624226672400e-01
8.040377683025030e-01
4.627718601668123e-01
8.066538236134936e-01
4.308134719872910e-01
6.820236903997249e-01
7.721645481754861e-01
7.695611853942095e-01
1.484292047789456e-02
4.649644719739279e-01
6.578804658064062e-01
9.969888082691416e-01
3.909005794631786e-01
8.660390376420873e-01
5.181056505619109e-01
8.016689940363489e-01
6.507827689176345e-01
7.059971986832084e-01
6.949182686837940e-01
4.913417685270969e-01
9.811036349186225e-01
4.087920772884004e-01
5.684429861458219e-01
8.212681528279875e-01
5.384457998622422e-02
9.658558284704833e-01
1.389091034135358e-01
6.453010712961206e-01
5.751052738982743e-01
7.943384082961541e-01
4.456282334614677e-01
6.737197868869267e-01
2.084582085760581e-01
5.571115378090700e-01
3.736159570392296e-01
3.633899583310773e-01
4.950296704168570e-01
9.636706961149679e-01
4.133896042655174e-01
8.390788905504527e-01
3.989134814585156e-01
5.388828732720031e-01
4.451082555787211e-03
8.093445151156488e-01
6.532655487085066e-01
4.340771438712613e-01
5.345570442893343e-01
3.002433708404393e-01
1.903337152629782e-01
9.387524248746933e-01
6.120048689711861e-01
9.658327987258475e-01
7.518481853193828e-01
3.124506628664446e-01
3.582907963349907e-01
7.934140021882086e-01
9.091347772204945e-01
8.282007448506545e-01
5.699187049502128e-01
6.236740982270214e-01
9.056890154749569e-02
1.915283087601551e-01
1.628533192737276e-02
7.075737033540260e-01
1.912322711158694e-01
4.078064441717260e-02
4.002907194198532e-01
6.861212894721521e-01
6.405121584611536e-01
8.784725660823624e-02
4.488418146264003e-01
6.843784259093825e-01
3.482042589915005e-01
2.689808701486238e-01
7.614845879196583e-01
2.714691656974466e-01
5.822678769856076e-01
1.762084971071260e-01
5.362108794675259e-01
9.625121070828811e-02
6.940983741982367e-01
7.113751497638297e-01
8.214208068425864e-02
5.619500603349646e-01
6.946640497514345e-01
2.186841723596138e-01
4.248848480288334e-01
3.964082060365044e-02
2.432718855530358e-01
6.705804898732250e-01
4.462932992942135e-01
8.514812378452538e-01
8.451644651802092e-01
6.791662837747328e-01
7.477314019332321e-01
1.216722918309608e-01
9.462088029581163e-01
9.313513170608093e-01
2.215858410213077e-01
1.932300451180106e-01
6.173682984045559e-01
1.089912853711244e-01
8.165332324879865e-01
4.740384255880669e-01
1.638188586401841e-01
3.035571655740762e-01
8.852818034986415e-01
9.312714016676281e-01
8.784478278264626e-01
7.264227935701714e-02
8.987891533872062e-01
9.493009787748107e-01
9.015502682428576e-01
3.553583577067397e-01
5.079179771747058e-01
5.774423752806347e-01
7.400134162698004e-02
7.405487246534548e-01
4.024152506154102e-01
3.931170931985216e-01
1.189853875520571e-01
7.874085874238091e-01
9.761288319603209e-01
7.972787571126961e-01
8.640707930848333e-01
4.378193767917433e-01
4.302657388291628e-01
4.762725017388689e-01
7.119367251693908e-01
5.205399219508003e-01
7.144682271007766e-01
6.749288275255490e-02
3.528804221902417e-01
8.612557513924575e-01
1.254136530335125e-01
8.272665342443001e-01
8.686410439520335e-01
2.500257018255190e-01
1.819705814970520e-01
3.795632209533654e-01
3.190545632126995e-01
3.500439158408176e-01
1.880935366210032e-01
2.880699892007140e-01
5.923084964008576e-01
9.288990092132702e-01
5.647847431547869e-03
9.233717820250298e-01
1.095404946755341e-01
4.709401170122159e-02
5.090546624311501e-01
6.817114803389234e-01
5.248500562854345e-01
1.548959892964437e-01
3.368921053301972e-01
1.456142846241660e-01
3.392816783577584e-01
3.071681588455886e-01
5.752457178082530e-01
1.547792033081777e-01
3.740700005432917e-01
9.944991311032787e-01
5.468964528045135e-01
6.886822854581672e-01
6.831716954164075e-01
6.668486356115196e-02
7.725018722808463e-01
4.389674241836031e-01
7.254982538174364e-01
4.491519096536338e-01
8.961455486231230e-01
5.182357088281939e-01
9.875582754554033e-01
8.919355789627580e-01
7.612756270734945e-01
7.594642242227980e-01
3.152165125660675e-01
8.439266978967593e-01
8.760115508344078e-01
1.261348738922434e-01
9.488255069352806e-01
9.102950612596679e-01
3.290945912381144e-01
9.279493898749115e-02
6.045395627638975e-01
4.964313728252572e-01
5.220830740975603e-01
6.502263576957520e-01
3.543937925036968e-01
2.964706096316085e-01
7.815360784444660e-01
2.768704161405891e-01
3.610840748814326e-01
7.400465322379239e-01
9.620673227878601e-01
4.654940955645843e-01
5.592641539682002e-01
5.526357435400764e-01
1.489416780643825e-01
2.627832280764278e-01
5.977142805222954e-01
7.839127382188629e-01
2.213912444288802e-01
9.226451161888638e-01
8.964677862340900e-01
9.340832363507167e-01
1.369533464950292e-01
7.748945419559695e-01
6.525666539802061e-01
6.877534453234418e-01
7.215555108718368e-02
7.183471222959212e-01
2.600844275486117e-01
2.389738095174422e-01
4.328165596503841e-01
3.479180440064138e-01
4.585656157967474e-01
1.123046959341991e-01
5.050245660846236e-01
9.478821842688518e-01
5.587100659304811e-02
2.400780935958392e-02
4.992519065268580e-01
9.267929969014568e-01
6.098989227832755e-01
5.711952185124136e-01
7.803753813637306e-02
5.769034580220018e-01
1.641897578556974e-02
9.537260280706575e-01
2.733537835410581e-01
2.570399745633081e-01
7.085248551836819e-02
8.177241072141211e-01
4.890699477349734e-01
7.986115816974135e-01
2.648535884287458e-01
3.942607219304241e-01
3.399534846376411e-01
5.982163048341015e-01
2.214353467437603e-01
6.638727223798040e-01
7.088450373657258e-01
5.585430057526301e-01
4.322976844535664e-01
6.271826110906819e-01
5.814460108901588e-02
2.363105030899451e-01
6.706254327067293e-01
2.016475019984169e-01
8.956608739195675e-02
3.372307966170976e-01
8.379987435592332e-01
2.448830000333874e-01
7.485815611428496e-01
4.102981278720769e-01
8.806351459960617e-01
8.348987558087794e-01
1.433888781552151e-01
9.368751547005377e-01
6.072505193796244e-02
6.059479213347416e-01
1.667138730020793e-01
9.600635459460614e-01
7.880167154539455e-01
1.969366344609003e-01
9.140153843509105e-01
8.565647857527084e-01
2.843541457710574e-01
1.401279741619378e-01
1.308617396889542e-01
3.932589522531530e-01
5.032105187434752e-01
4.591885215878433e-01
5.814823268826503e-01
9.734679167035352e-01
7.527603631619180e-02
1.643423662354901e-01
1.021493198825742e-01
8.236192664241508e-01
5.690107907024262e-01
3.643593356778656e-01
7.873547378868585e-01
7.107966443108379e-02
6.359200932252780e-01
9.090068372474084e-01
6.779136171927274e-01
6.941641581683253e-01
8.170063350428857e-01
4.254730657792991e-01
9.258165526789690e-01
1.988008754322309e-01
2.463133895054056e-01
7.891374173523567e-01
3.257344105866432e-02
4.618238729712664e-01
8.738330280752075e-01
5.117028600125121e-01
1.899682302912549e-01
7.960465051215359e-01
1.536115776531452e-01
7.497856164117277e-01
6.468550319070253e-01
6.925212613737776e-01
2.048399090789444e-01
7.443518898190706e-01
3.222121891203393e-01
4.202625455429138e-01
3.526029397512800e-01
1.976083997625897e-01
2.043748098445939e-01
9.274290580895864e-01
3.001793116797597e-01
1.136914017208346e-01
8.113887220674142e-01
1.025178703025532e-02
3.017846175012107e-01
9.406634284838399e-02
9.730242527895721e-01
6.186166343365873e-01
8.977329502337300e-02
8.197694578300088e-01
8.652777489578714e-01
7.231267349436538e-01
5.910341979894015e-01
5.117656078710061e-01
2.445714879988560e-01
5.129987967726769e-01
9.707773583805083e-01
8.550623012031718e-01
3.209632170949892e-02
4.428789715482290e-01
4.668748110844171e-01
7.649498957977396e-01
5.128986726109398e-01
2.879905720651106e-01
2.575446983135979e-01
5.537445566401559e-01
7.847634510997512e-01
5.193226335194533e-01
2.555015614514712e-01
2.147433148765673e-01
1.908931304658265e-01
3.408437391467596e-01
5.607238395888003e-01
8.557196896782703e-02
2.080824422687676e-01
2.416072111770544e-01
6.923982527537264e-01
1.374340318783345e-01
8.537737791676884e-01
3.759064713380795e-01
8.600637791026681e-01
9.193537854213983e-02
1.579071577442377e-01
9.456002074040474e-01
7.026858398237665e-01
4.090991804418616e-02
5.729925686367753e-01
2.861010782821575e-01
5.008226882204520e-01
3.269209211351913e-01
5.599215191602341e-01
6.009725260552822e-01
5.452454111283856e-01
9.396248347776126e-01
2.745981073354362e-01
1.703899866763456e-01
7.445060693400475e-01
9.135073981776403e-01
3.188411715993850e-01
7.635710708627342e-01
3.389879899746682e-01
3.711475042491907e-01
8.761039161477722e-01
6.785186956070917e-01
8.637170683889264e-01
4.927684126853796e-01
9.587120031745695e-01
7.263735498890157e-02
8.160252984687804e-01
9.371913647917990e-01
3.752680557664801e-01
1.302132672305281e-01
4.943823434851982e-01
8.404695572519999e-02
5.771848734361981e-01
7.461678421805463e-01
8.429235284416581e-01
1.574251894640854e-02
5.845159322882612e-01
9.592739688042896e-01
5.175936936948419e-01
1.972099292079033e-01
5.072801972307638e-01
8.582748574476107e-01
2.552912199195899e-02
6.795331885477217e-02
9.142999215583782e-02
6.638781631662874e-01
8.002883357928546e-01
4.460596705070043e-01
9.248822112217928e-01
4.953240046721529e-01
9.105465248741892e-01
5.554435604975761e-01
3.399212827626249e-01
5.699939143704222e-02
9.887718823686111e-01
2.890269692470445e-01
6.762721350771711e-01
1.057742420145191e-01
7.476855380217011e-01
3.508375307316136e-01
5.263790062285862e-01
8.519576838481975e-01
8.527924366541172e-01
8.824828457471369e-01
8.891884721299580e-01
5.906510882036067e-01
7.283943801784862e-02
2.124347659817127e-01
3.911118546459413e-01
4.169410343360813e-01
5.279640865176749e-01
4.924021025618548e-01
8.021377570937098e-01
5.292834739802794e-01
6.673471865557820e-01
1.041644430273047e-01
6.917939599099541e-01
9.810842065983844e-01
8.226029904664509e-02
5.488460769638633e-01
4.560155316516830e-01
2.530404698350655e-01
8.511765179462621e-01
7.237371228280185e-01
8.498233705059735e-01
9.813880938949939e-01
1.896940931629828e-01
1.886237902513816e-01
2.000427549705109e-01
1.185827893757181e-01
2.094103769443046e-02
9.560205302927739e-01
8.370526306503697e-01
3.435633407642894e-01
2.690682254121957e-01
2.296645027723464e-01
9.712980948254922e-01
6.070797320488280e-01
1.890565446527007e-01
4.733459779402921e-01
5.258512424891122e-01
9.818325145085494e-01
6.590713451891539e-01
1.209859410864236e-02
3.410711839520704e-01
3.833886824470892e-01
6.135858882281864e-01
5.380234511280542e-01
5.601431092061768e-01
3.252364282148129e-01
2.486490063595814e-01
4.384988548413379e-02
9.850253318366713e-01
3.207521789338217e-01
8.818713407413434e-01
6.116238397600240e-01
5.618748467238037e-01
4.305488869690098e-01
2.351432881481682e-01
5.324390626197863e-02
8.703325450747891e-01
6.790850719805271e-01
3.828047767201461e-01
7.998823354951490e-01
6.224126669682621e-01
8.896937355816801e-01
8.261392129706867e-02
4.921752398331534e-01
9.892558758097030e-01
4.235047336777228e-01
8.440589214880294e-01
9.829344930979118e-02
1.800254966039329e-02
5.688521422300731e-01
6.979544608378571e-01
5.206233018639606e-01
1.158344275857482e-01
8.292244336703906e-01
7.750566982548016e-01
3.779275684514677e-01
8.286429638176425e-01
2.292883117819616e-03
5.364865611942888e-01
7.296339924119571e-01
9.585104677632965e-01
6.854316977250537e-01
5.054366497813895e-02
4.873772875812730e-01
3.500723784556949e-01
6.664647048648749e-01
2.722946639509381e-01
4.564170234168027e-01
9.125662040489568e-04
3.375001914508176e-01
3.657177138913971e-01
6.176173727110109e-01
2.951831539604735e-01
1.432686136771313e-01
9.155900715457229e-01
3.223324689652456e-01
4.418058988832896e-01
4.317425314484828e-01
2.967260546501382e-01
7.480050487201684e-02
1.720853839870940e-01
2.390486710886698e-01
6.910149872726831e-01
8.888910919841803e-01
5.925829781184825e-01
5.421132373353994e-01
2.971798960572015e-01
7.025130333856274e-01
1.365521122406014e-01
3.135042778744848e-02
9.066398236465826e-01
8.955160281134378e-01
9.378845025496020e-01
2.483435116002073e-02
3.909399464684259e-01
5.276802948339285e-01
7.227152738360294e-01
6.756073621453752e-01
9.329355773203706e-01
8.482480234691165e-01
5.045304454418507e-01
6.431965411841853e-01
2.042676826027537e-01
1.269415044816870e-01
5.058658237130688e-01
8.689914554678795e-02
5.139392048651069e-01
7.762161678523832e-01
8.651330950041921e-01
2.919277354571632e-01
4.294498285415814e-01
7.632682983592470e-01
2.502905238653955e-01
6.328346057016564e-01
5.121802773849016e-02
8.213922008040325e-01
1.387189133738721e-01
4.487770746689183e-01
5.962939605099586e-01
9.125942908751752e-01
9.722467390691147e-01
5.509435346121637e-01
7.079862266350473e-01
1.245110552406456e-01
6.573054295300066e-01
3.323541108203838e-01
8.755405581908023e-01
2.101615128154687e-01
1.845458895827392e-01
6.627662170970655e-01
1.118107503800703e-01
2.032816378415011e-01
5.544872021090645e-01
2.664058470476446e-01
4.830713297627267e-01
9.798393221478161e-01
1.594873383452591e-01
5.036955687700284e-01
6.114243178681583e-01
2.085104101377122e-01
4.344631845291998e-01
2.274238226131647e-02
2.312186659459112e-01
9.211855292884566e-02
2.365190751089338e-01
1.760953558497575e-01
6.346457668741446e-01
4.914038537495787e-01
2.456996917006092e-02
9.474718412139788e-01
1.592352833409027e-01
2.674071105510961e-01
3.113070322718970e-01
1.372913937723690e-01
4.564551322052512e-01
6.414069736569221e-01
1.270062518897495e-01
5.940755110206434e-01
6.271137239537732e-01
9.003584910651475e-01
3.251593319350664e-01
9.528918326612990e-01
2.530315384515708e-01
7.010667555504789e-01
8.289605368994923e-01
3.397436697686760e-01
7.185780213766629e-02
7.140805277573320e-01
5.514300174784986e-01
8.843037611266150e-01
4.933132550182349e-01
1.158770914729112e-01
5.462763852189650e-01
2.672063751459152e-01
9.375470773957423e-01
3.537297902413317e-01
1.365845860618095e-01
5.771379408320123e-01
9.573715636308172e-01
5.438699431456020e-01
8.221344481325403e-01
6.136697636049566e-01
9.477169085050546e-01
2.780812444528943e-01
7.114755197947266e-01
7.690611899686330e-01
6.114198028163146e-01
1.326259337983215e-01
4.406934838931512e-02
6.735383792191457e-01
1.595395361816229e-01
3.809846045360829e-01
2.082484379449153e-01
3.149654019228022e-02
3.623510116535942e-01
3.345286195792857e-02
2.422509269054285e-01
5.113284995366486e-01
8.980917124534453e-01
2.274112050549179e-01
1.001233580057152e-01
7.732780020559570e-01
4.833805544690138e-01
1.769789607156901e-01
4.853927486042458e-01
9.959257915597064e-01
5.247787439845404e-01
9.563501481694868e-01
3.769402845655290e-01
2.353626928456885e-01
7.407786574870249e-01
2.668963844268100e-01
7.275330613961132e-01
6.481628844738765e-01
6.735993524424728e-01
1.843165006415530e-01
8.074262825806747e-01
4.135313334006496e-01
2.211204647184911e-01
3.716505236791682e-01
3.303514757800621e-01
2.172534355042751e-01
3.784905203517948e-01
2.901755526150463e-01
9.805128010830436e-01
4.786478027136288e-01
6.336202079586779e-01
2.548351614991367e-01
1.455931598998574e-02
6.984238436903916e-01
4.095409044109010e-01
1.539804340125902e-01
9.491544496031266e-01
4.388344797486600e-01
4.911011357284622e-01
9.367881882641409e-01
5.990801554168947e-01
7.401720917505082e-01
7.234605079160354e-02
9.200756544806415e-01
7.115248561424785e-01
5.982571866355172e-01
9.085357831365130e-01
7.609071753737084e-01
5.668965059178399e-01
8.295749611358973e-01
6.663718110259491e-01
7.110279131266418e-01
2.461359194694720e-01
8.063985234156245e-01
1.399830463994216e-01
6.950608350779213e-01
8.874551546235826e-01
4.587837585521786e-01
7.786299864662020e-01
4.341825374561281e-01
3.059070251443922e-01
3.793716017992104e-01
9.851143932832006e-02
6.817607910753045e-01
3.536156026430501e-01
2.174336217424989e-01
4.068806261787566e-01
4.426841863629800e-01
1.931202026052029e-01
7.712451856449457e-01
3.178351346020750e-01
8.551072570751921e-01
7.876696627529662e-01
3.640218891035867e-01
1.158901639822359e-01
7.659860494388202e-01
9.275329182518334e-01
4.575705856352907e-02
3.888327723317001e-02
5.112404578883389e-01
4.183757293123639e-01
6.408825528998312e-01
3.130665874635180e-01
7.101354993461331e-01
2.473375104588166e-01
1.538281329692472e-03
8.538943081413835e-01
4.016369322322481e-01
3.119200273938105e-01
4.399004077724649e-01
4.061534318170293e-01
2.207285488120879e-01
7.847198847610131e-01
THIS IS THE END