AMATH 583 VECTOR
1024
7.871031783461120e-01
8.431184631041803e-01
2.920093919578983e-01
8.018506363974188e-01
7.036459314188203e-01
1.771693561119816e-01
6.853681740748547e-01
9.829016760843348e-01
6.284699494151724e-01
6.944398208029754e-01
4.500682356069182e-01
2.968358454745430e-01
9.200548906438308e-01
3.625470508646905e-01
3.282838828527759e-01
4.672191066049128e-01
5.515247087699942e-01
4.757802972922941e-01
4.394565915872606e-01
9.469348070895927e-01
1.333027547846095e-01
4.193996649325824e-01
8.501685219119156e-01
7.823477735660727e-01
9.190303249838904e-01
1.426720042446032e-01
8.883753390462954e-01
9.243233510871992e-01
1.025617225573220e-01
7.548710209107358e-01
1.172484467352035e-01
5.946442785647904e-01
1.863898384321434e-01
6.540145290335708e-01
2.218946722438069e-02
9.383756401661670e-01
2.793842727688068e-01
6.114724253357725e-01
1.705261832897208e-02
6.033562550336851e-01
6.085783511440169e-01
3.763476774917672e-01
2.754156041310242e-01
9.100586301228305e-01
3.553964744114301e-01
1.485454329049892e-01
6.030908341533927e-01
1.476496160717912e-01
5.470973185948549e-01
6.463362372696103e-02
2.973139790339926e-01
9.560456243138973e-01
2.588078436715565e-01
7.834285878499172e-01
8.427599355777539e-02
4.266237255309819e-01
2.649549992126203e-01
9.867176650961478e-02
3.763797270955423e-01
8.140732947802513e-01
1.298653716826184e-01
6.473018697683243e-01
2.025251962256270e-01
8.409729641121686e-01
2.326078332181125e-01
4.398528968169600e-01
6.076368026470936e-01
5.517420897035590e-01
1.293016477158767e-01
1.727931607387928e-01
1.346525368907734e-01
1.051875232277380e-01
8.867028885924736e-01
8.154485737045521e-01
2.441782524083640e-01
9.038882273733095e-01
6.494374632134277e-01
9.544422807891119e-02
1.311413222603227e-01
9.220322924303041e-02
6.596738876121463e-01
1.390290973424116e-01
6.620390339112091e-01
8.900429456914044e-01
9.517882354333010e-01
7.048729274910283e-01
7.992923417125327e-01
7.063871625374943e-01
2.490407676664371e-01
6.281821698081597e-01
8.577279657394290e-01
8.339201825828851e-01
6.965086705500766e-01
2.212259351374702e-01
1.442918554620314e-01
1.132147503612632e-01
8.003093217500995e-01
7.987706539215383e-01
9.383804592948316e-01
3.603793682346024e-01
8.960419189632134e-01
7.765320147278402e-01
1.735715308103578e-01
2.167183296832807e-01
3.849669868987831e-01
1.401488078479417e-01
4.810135003556560e-01
3.939004775108306e-01
2.853255245300594e-01
4.660907767089507e-01
5.876841473335792e-01
2.074642354657241e-01
8.514054724254670e-01
5.717750548253651e-01
8.233464499112900e-01
9.837836590520030e-01
4.519576870146942e-01
5.284565596508126e-02
1.769398051206673e-01
8.273046630561839e-01
5.094719852830618e-01
6.956566524205993e-01
9.013572330127271e-01
1.110152449044470e-01
8.332211090406502e-01
9.471796462066376e-01
2.483137949594826e-01
4.099518840247541e-01
6.131480404237043e-02
5.179115401198675e-01
5.392547946140426e-01
2.553330782127255e-01
3.830455212774899e-01
8.460761107718926e-01
1.193743199665911e-03
6.324195678496825e-02
9.075676849612816e-01
4.900811442593491e-01
7.937915668793915e-01
2.548645419324118e-01
5.083562580441853e-01
9.436289486212791e-01
5.717394778373369e-01
2.254040121219140e-01
3.652317330079301e-01
4.497366642811041e-01
7.241165725160933e-01
2.272342779800456e-01
1.265100106254732e-01
2.537485823285526e-01
7.524231959844117e-01
9.766549100059341e-01
6.390724697332235e-01
8.909988062879997e-01
1.693728240995541e-02
6.649054641206309e-01
6.613547544280787e-02
5.389357672719917e-01
8.934405403646829e-01
5.516190922593787e-02
1.062083603377493e-01
4.391219655234004e-02
3.228745517893110e-02
6.552591922950275e-01
9.412449025275395e-01
5.030767803560369e-01
2.114474439115484e-01
7.971898213947144e-01
3.693281809656546e-01
2.987374897574715e-01
8.809903538231693e-01
8.048767060064137e-01
5.627978497942899e-01
9.434614926313336e-01
7.573066548245524e-01
5.294763625271043e-02
8.909224993041356e-01
7.344458046063994e-01
8.306380197548484e-01
5.331980197379357e-01
4.591177354842041e-01
3.917802830188443e-01
6.512166977167207e-01
9.990385249252610e-01
8.404884188624511e-01
8.885582121501483e-02
3.997871607541047e-01
2.228107942374473e-01
7.810187487774616e-01
5.821107027968907e-01
5.345819073424590e-01
7.181167047089509e-01
3.874560433381498e-01
9.737203842837924e-01
3.184986576989752e-01
6.939946677042147e-03
6.396838010473567e-01
1.656442029241678e-01
9.821185464887501e-01
4.664108364220759e-01
9.669277458297684e-01
1.546241609168351e-01
7.682725292482752e-01
3.563990757597606e-01
9.992662942964893e-01
6.686082410945595e-01
2.987080762622450e-01
3.866377395515506e-01
2.204886429107230e-01
7.526214005204949e-01
3.078785479571104e-01
5.147555151557343e-01
4.959432224258516e-01
3.177393112879895e-01
2.446048172398493e-01
7.316335014680557e-02
6.564259173611300e-01
5.503930885113744e-01
4.566386106687778e-01
7.251295101480231e-01
2.516770578230159e-01
9.363108314277189e-01
5.761438056715502e-01
2.489419217449342e-01
9.668787671098852e-01
3.314388158411899e-01
4.921778428797507e-01
3.300527996989213e-02
7.197404539770169e-01
6.778099917237693e-01
9.525309013913064e-01
1.868596836863363e-01
5.507037162551208e-01
6.773590998153012e-01
3.743905957668976e-01
3.827430542478072e-01
7.625127428968030e-01
5.516698665691865e-01
9.154474283174833e-01
9.249277319409548e-01
2.603907316273035e-01
3.870264600901988e-01
7.537147359706996e-01
6.835674595476908e-01
7.182926180392004e-01
3.440313848406222e-01
1.354850163382874e-01
9.666959759624190e-02
7.259268000377002e-01
6.517282336259858e-01
5.964225519431859e-01
7.383050912703877e-02
8.693668981405752e-01
4.494570486477842e-01
2.461662330879672e-02
7.315879509465713e-01
7.986915590235458e-01
6.090325087350944e-01
9.374310732527780e-03
5.540404815944100e-01
7.583741572491705e-01
9.944608868073955e-01
9.041245718971475e-01
6.216798753578587e-01
5.736651395324921e-01
5.900001225946472e-01
1.320604482349290e-01
5.399534844513766e-01
9.982131742863978e-01
9.688202314864939e-01
9.616305935017907e-01
1.253849845963460e-01
3.454361107877624e-01
7.447140099223303e-01
4.083647646048874e-01
3.865987143416883e-01
5.645919407553002e-01
9.674827433039819e-02
4.824667100247306e-02
8.817995385647749e-01
4.048446581721514e-01
2.241698993482487e-01
6.234983460155774e-01
1.367014838087845e-01
5.418383742411800e-01
6.775558715116027e-01
6.815324955068214e-01
5.166519831477906e-01
3.698807649174150e-01
5.860159669937640e-01
1.703572641920099e-01
1.945392751109503e-01
6.215967897426322e-01
1.772452044194775e-01
9.601506781578766e-01
2.524477994313686e-01
8.901650430123159e-01
3.877907993215093e-03
1.759996419660745e-01
2.598252381476691e-02
6.882777547874850e-01
8.842247132604125e-01
1.647557677536997e-01
5.018863643062703e-02
5.204124895485176e-01
5.727118419356234e-01
5.679274120218714e-01
1.560138515923237e-01
1.248037121839839e-01
5.759906762167768e-01
6.752951753676381e-01
6.860124038932903e-01
8.104722345296630e-01
6.068457400458147e-01
2.563529500068877e-01
5.240307657625669e-01
3.850801714626514e-01
4.244177278244950e-02
3.188751546288259e-01
3.347238466770965e-01
7.036911019606940e-01
9.363506533840441e-01
2.454314256298502e-01
9.659705608924714e-01
6.721691976637437e-02
7.147705134538797e-01
1.480196193549873e-01
7.657424992722192e-01
8.341852681870504e-01
1.518024197555158e-01
3.432688309546881e-01
3.192418554421709e-01
4.978644165666142e-01
6.072492350857934e-01
3.789408692992017e-02
8.859190311682965e-01
6.411568455589735e-01
9.231033096663204e-01
5.973255618462924e-01
2.507179506359240e-01
8.165963379743492e-01
5.346523348869068e-01
9.017924442429992e-01
4.256103920869578e-01
2.338598054991382e-01
4.817510240160632e-01
7.894606379743017e-01
4.649424340878345e-01
2.874897142348298e-01
8.396271447835616e-01
6.134223773206688e-01
7.898956284811234e-01
7.758278822413776e-01
3.392168308325190e-01
2.172758021472375e-01
7.544066886205257e-01
3.132156451759933e-01
2.153484729190117e-01
3.617843498297894e-01
5.095675892706809e-01
3.024728723347526e-01
6.615653301875877e-01
9.285044627862538e-01
3.745060485668974e-01
3.231582638449773e-01
3.209404425327389e-01
4.601764774230199e-02
4.186056048695955e-01
5.044010432923217e-01
4.683346140516617e-01
2.998583662788655e-01
7.195620488932180e-01
6.793557483141105e-01
9.320619152542492e-01
1.646096781662710e-01
5.948609405173273e-01
8.278272747191727e-01
2.930062051364249e-01
5.552897278942586e-01
7.544567188035961e-01
1.540729320394215e-01
5.037687865569110e-01
8.419956620046849e-01
4.210913127386436e-01
2.816931983836429e-01
4.175852338865331e-01
3.550259309611404e-01
9.208216638866913e-01
2.497049436204624e-01
7.909874291117245e-01
1.257210807528911e-01
9.942042138400508e-01
5.902220097324914e-01
8.613175739819732e-01
1.644659150226349e-01
1.786337854241178e-01
2.980316231483741e-01
1.749025472322956e-02
9.587111333192844e-01
5.801769721229454e-02
1.034370470342399e-01
4.664495044697307e-01
6.168216227632116e-01
9.210137812984240e-01
4.786222826124273e-01
2.047038670651167e-01
4.578937634163973e-01
8.204817393890032e-01
8.365939109756583e-01
6.338617678889361e-01
3.147329093491346e-01
7.160074309054797e-01
9.368912283968606e-01
3.308756660348157e-01
2.731904714709103e-02
1.512254011590152e-01
6.453172795685554e-01
8.475177087111015e-01
2.301303074835475e-01
8.000778759830063e-01
9.088616463862647e-01
2.376908139501190e-01
8.695100596498280e-01
8.555725346578157e-01
6.075899939088104e-01
7.650276253768371e-01
8.192997085020410e-01
9.702007938037630e-01
1.647414598449792e-01
8.097156145655157e-01
8.903340026225587e-01
8.435820773446849e-01
8.397393211907425e-02
3.498771252808520e-01
3.848445952799379e-01
8.311286991607066e-02
8.780046793995447e-01
6.246466681475968e-01
4.365515566601192e-01
1.220127866240278e-01
6.689047900349390e-01
2.828061172192945e-01
1.224121046822575e-01
3.802433947009237e-01
7.507347384238312e-01
5.987486893305316e-01
1.692215782446887e-01
1.070655584833890e-01
4.508414303189336e-01
2.919193703177941e-01
2.888569311652598e-01
8.184420945208716e-01
5.562826122885023e-01
4.418647328586619e-01
4.205651555306116e-01
4.385690029890132e-01
2.923323634510545e-02
3.230032521872797e-01
7.156595116088444e-01
8.941160984775592e-02
7.409267112337643e-01
7.552357058763670e-01
2.465086641006678e-01
7.111753992322718e-02
2.724934896791789e-01
7.980810379600529e-01
3.480049946103268e-01
9.199444157629947e-01
5.057957286507803e-01
9.088114336639695e-01
3.937655903369959e-01
1.827679389076158e-02
1.780749220298952e-01
9.052145564487272e-01
9.410502337576124e-01
2.312787641916791e-01
1.021897695503150e-01
5.034568321441565e-01
5.989778468380579e-01
2.067180723914495e-02
4.310642683091873e-01
8.971574725104298e-01
5.256404827933947e-01
4.395943085847396e-01
2.615443837184200e-01
7.764571554849190e-01
9.154122350343560e-01
3.334342224213454e-01
2.897623555221420e-02
3.590926063987858e-03
3.526943574439242e-01
7.340655600345067e-01
4.398674999549368e-01
8.530717426226808e-01
5.767782593969154e-01
9.122056839578812e-01
4.409302801084380e-01
7.152177825175309e-01
6.652707721410649e-01
2.058673748773836e-01
1.296956418686060e-02
9.794652885661764e-01
8.731049317275663e-01
2.745875452061126e-01
9.928722791340538e-01
2.043954060433411e-01
2.735893704339812e-01
2.165488839226537e-01
5.370920880404729e-01
9.067236962293851e-01
3.051625272748817e-01
8.665959089373220e-01
8.774415095697350e-01
1.594513385367819e-01
8.986467876930939e-01
5.565607578291375e-01
1.166568343139518e-01
6.514143145882592e-01
3.203852848710424e-01
7.154828276091640e-01
1.198836272209341e-01
8.841227022391384e-01
4.502565331991094e-01
4.615534774314395e-01
3.292951902045380e-01
4.642617676706341e-01
8.475292403472258e-01
4.239425158239634e-01
2.018634533518290e-01
7.190604841891026e-01
2.495577662482661e-01
3.173773346084064e-01
1.608627634872043e-01
6.204659294432336e-01
1.708761524273437e-01
9.154938463659463e-01
7.050758724590186e-01
2.101884187246619e-01
6.367535053923510e-01
9.161651292425418e-01
9.873271793999370e-01
7.904174741312943e-03
8.454648772466299e-01
7.281918841079771e-01
7.209962027710844e-01
7.831799736168142e-01
9.058165777967389e-01
5.922302979008436e-02
3.614616819477927e-01
8.648849655244895e-02
6.121615570095189e-01
5.992886589836742e-01
2.444915386124009e-01
1.692894586218938e-01
2.479310581683792e-01
9.772946359483966e-01
3.909463847013872e-01
6.358876762147470e-01
3.641741412524945e-01
6.747920306747742e-01
2.296595509302148e-01
8.880724841207603e-01
8.342406176190081e-01
8.206032266936281e-02
1.878431039805725e-01
7.904860148162050e-02
5.698451015957842e-01
3.866225203436904e-01
9.646994164049157e-01
7.030915174182000e-01
8.591332476861464e-01
4.524938610626822e-01
6.432288049921528e-02
7.465255031113166e-02
6.854130791897947e-01
7.376219428785248e-01
2.119939593654098e-01
9.824750544421724e-01
4.582400095920265e-01
6.398412131889916e-01
8.112700673804013e-01
1.602246240527484e-02
2.895256454541933e-01
5.752314862679837e-02
7.915589706001612e-01
7.316188769096597e-01
3.184642206497790e-01
4.281564608347400e-01
2.563724947424477e-02
8.852519136319179e-01
4.289124116436170e-01
7.309024942717061e-01
2.782212245642307e-01
6.412125102436228e-02
6.858659664568798e-01
3.492982407795723e-01
6.555327822712869e-01
5.394716335178686e-01
8.997445348183366e-01
6.396691783516059e-03
5.091988055543969e-01
1.043249527478241e-01
3.894808326798868e-01
4.354850856752531e-03
1.919783494397897e-01
5.801190345455516e-01
6.061360708466433e-02
7.328942719534478e-01
7.540287215979904e-01
9.607238974239323e-01
8.865440040298477e-01
1.450757296500149e-01
2.877882278001813e-01
8.567446376461277e-01
3.071249184697517e-01
8.485047211165097e-01
8.188478051772564e-01
3.750616141478818e-01
6.605489834493720e-01
8.467648335950285e-01
5.765582316445923e-01
2.141992506637234e-01
4.680590519998497e-02
6.668486961474869e-01
7.260361508121882e-01
4.895867004476426e-01
4.836744235286836e-01
1.160362465847452e-01
2.211963498132286e-01
6.470513109336846e-01
9.913828624372291e-01
1.717689825090435e-01
9.212890294945282e-01
1.047187145355710e-01
7.435199342405050e-03
9.633953478016869e-01
7.856105029515971e-01
7.557231074924222e-01
4.382676251410821e-01
9.639757461678123e-01
5.403658424226409e-01
9.287135973240778e-01
8.894302257753118e-01
6.538046056655257e-01
4.940074204904993e-01
7.827161838220043e-01
1.109014964247595e-01
9.214504109329779e-01
8.170565505591485e-01
2.694452476079787e-01
5.662765472970328e-01
4.099304212303508e-01
7.005896185061846e-01
8.097182334445967e-01
9.343495033375684e-01
6.121025945116312e-01
6.083059569859439e-01
7.982190627596429e-01
6.677878013196344e-01
5.095767790961903e-01
4.569262696695170e-01
5.598143355733782e-01
7.995379817669922e-01
8.348595578385795e-01
4.845885930045455e-01
4.804826273957652e-01
4.715186406259977e-01
8.137930011440967e-01
4.189702288335982e-01
6.326360062848013e-01
7.133576286553208e-01
4.016648099765484e-01
7.804612758478435e-01
2.126631747058887e-01
2.299772818712412e-01
2.281764099505620e-01
9.609220390957417e-01
2.167110821310017e-01
2.631573757450829e-01
8.860141476085476e-01
2.397788568585081e-01
9.632472209461254e-01
2.960424415283103e-01
5.853147663107676e-01
3.852773850715148e-01
3.570108969495682e-01
2.821450313935732e-01
1.154263178424101e-02
9.970123977386450e-01
7.873687934071611e-01
3.073107941575864e-01
9.725174065551336e-01
1.000519721303377e-01
5.734955945860108e-01
7.404582070840794e-01
8.810864621219627e-01
4.201688838285249e-01
7.784305060181909e-01
8.151464773412545e-02
1.668446744637772e-02
4.158443712703159e-01
9.634794019923915e-02
3.198309286124217e-01
3.984171889714977e-01
1.976950439613755e-01
6.606038588381390e-01
7.690554926027803e-01
5.156641749272421e-01
7.677880021593477e-01
2.129522921577805e-01
8.917429581711735e-02
7.523897982912091e-01
4.153398803506698e-01
6.173690537071642e-01
1.216856563099128e-01
1.708256007036313e-01
6.587102593196138e-02
9.433283847492786e-02
4.520162481125520e-01
3.708202766118666e-02
2.376389015641245e-01
9.970185882398014e-01
8.914125463419652e-01
9.706663694096107e-01
9.896706673268558e-01
3.949057624651612e-01
1.811497519636293e-01
5.838812527171714e-01
2.922144175005212e-01
2.477149312606617e-01
3.448496979404472e-01
8.888732850965454e-01
2.933026176380472e-01
5.370946426582963e-01
9.496591579865939e-01
9.214682806848866e-01
1.173934708896063e-01
3.206524161252437e-02
9.205157816971260e-01
1.087429835967454e-01
6.433253105000245e-01
3.684935739117179e-01
2.714967342426520e-01
4.561241625138205e-02
6.078799369781650e-01
6.381007920196750e-01
5.600114746764355e-01
1.128548868526029e-01
7.520833316967279e-01
2.645558269063736e-01
3.897828154218303e-01
7.977879470203947e-02
8.422025571773772e-01
8.983784801784802e-01
4.711635971773246e-02
8.846577759295040e-01
4.432400471732207e-01
5.354728403200735e-01
6.920272594746329e-01
9.021499901554314e-01
4.348845423361680e-01
1.045030439759153e-01
3.826601032086928e-01
3.683546284997625e-01
9.362411955074599e-01
4.057728938785256e-01
8.250274163787381e-01
2.357870774510256e-01
8.734107193878902e-01
4.139607522701662e-01
4.383634046830067e-01
5.737425072927691e-01
8.903200695711747e-01
6.094092827334112e-01
3.418149004419404e-01
8.830317276916615e-01
1.142473137538169e-01
1.546022604008216e-01
4.001905566082292e-01
2.684914508222097e-03
1.253581396887815e-01
8.942537493511353e-01
7.227653445316318e-01
5.171455431343734e-01
6.651434594137331e-01
6.612236661190277e-02
3.186156462499014e-01
9.731665220917978e-01
9.736796845559403e-03
6.463445833168666e-01
1.134118065766114e-01
1.122331331075323e-01
3.022681382960957e-01
2.206003424807453e-01
6.299560738866944e-01
6.717338136731339e-01
8.302064043610387e-01
2.790380959767094e-01
7.932790805554386e-01
6.415068952559991e-01
8.063885675772972e-01
9.726552716329020e-01
4.171503341836624e-01
4.566662481318536e-02
5.189632352064193e-01
2.150941142882659e-01
8.677884288447855e-02
4.920123594310192e-01
2.517249571400345e-01
7.413546525600155e-01
9.476455761807252e-01
7.919886944778211e-02
9.539880887390990e-02
3.677807438037268e-01
2.909611092372617e-01
1.833629506562664e-01
7.811116798692903e-01
1.440035631619410e-01
2.678860627430892e-01
3.610565231000337e-01
2.769837422654888e-01
2.657562560708058e-01
5.653957820336315e-01
6.069086392442270e-01
3.134997777238022e-01
9.907642039427367e-01
7.739756655758133e-01
2.090113326949120e-01
8.534686033862963e-01
2.468171134809112e-01
2.552262736741576e-01
5.879816415663723e-01
2.074498060194076e-01
6.088897681836457e-01
6.103338625330170e-01
8.812275924166793e-01
7.921457471289419e-01
5.935719961270559e-01
1.645389074294543e-01
4.054171668390824e-01
8.463230644568442e-01
1.517443261815907e-01
3.668901339950460e-01
3.224820547376210e-01
9.558939751963569e-01
7.100411251699743e-01
6.611907317588063e-01
6.326286702568776e-01
5.900610073423297e-01
1.553504025355682e-01
9.742154152943825e-01
6.384848526858189e-01
1.491909055734011e-02
7.451549972152128e-01
8.200381960813133e-01
3.819615386342451e-01
6.275798257568758e-01
7.341314958101751e-01
5.480500816125656e-01
7.772166238991621e-02
2.679797873217518e-01
9.362855166831452e-01
1.506788936213957e-01
4.601650947985077e-01
9.947482785185559e-01
7.343170613675923e-01
6.668504051244121e-01
7.547589259942802e-01
2.332691858677516e-01
5.552068793006273e-01
3.620204056436291e-01
4.769576524742682e-01
2.272651350252634e-01
6.451243696013114e-01
6.052798892395943e-01
9.390984498612109e-01
4.276468173729474e-01
4.600595871266255e-01
2.214808371949386e-01
4.284307353330919e-01
6.353687432759296e-01
6.424682385485937e-01
9.636852862144286e-01
6.586054059018406e-01
1.810569922351544e-01
2.486849623958976e-02
9.648162987850682e-01
6.675336806418065e-01
2.385705468424459e-01
6.551807809878051e-01
6.233860620406392e-01
2.495447170220058e-01
9.805898885152256e-02
7.742562753959821e-02
2.925220580271082e-01
4.182292616079697e-01
1.791998451478779e-01
8.117974003831844e-01
8.789082401799542e-01
8.107927044903825e-01
9.929843698595577e-01
8.830422958745818e-02
1.291866764096481e-01
2.404704169558689e-01
5.862977772887320e-01
9.067428917189794e-01
6.277811208869243e-01
1.172987465361593e-01
4.400330332294261e-01
6.351894869632970e-01
6.297073921327048e-01
4.921395743694806e-01
3.898264278610360e-01
8.127730604320639e-01
2.768266816981261e-01
6.260393004054386e-01
8.425219142076196e-01
2.658120874621961e-01
5.037539771309839e-01
5.930936404471722e-01
1.248149956226419e-01
7.656314297419188e-01
9.674396724288536e-01
7.585745117434182e-01
3.618188716293401e-01
8.977547431819861e-02
8.563968659641207e-01
4.621262589758850e-01
9.560346076991570e-01
7.365159973206539e-02
8.624366968229584e-01
9.735635034616866e-01
6.818026805677464e-01
5.765230211319975e-02
9.622416165481515e-01
3.948493247827745e-01
2.326016240905047e-01
3.354960891117789e-01
6.827697016684198e-01
3.103759411305077e-01
4.884425804430817e-01
2.544495068744055e-01
5.328620381340673e-01
8.122749192697345e-01
9.045681664275789e-01
7.717314831780882e-02
4.910377741283913e-02
2.871869775872617e-01
7.515323091072647e-01
3.519165796935170e-03
1.466195490893999e-01
2.347615455439135e-01
6.372959565544948e-01
3.314181139373305e-02
1.442409447134663e-02
4.257557799228261e-01
6.773931629384836e-01
9.468895070938810e-01
3.719457268584267e-01
2.918313095773716e-01
8.088200668845419e-01
8.388641284959689e-01
7.894076317499428e-01
5.740668212874173e-01
3.410653776214763e-01
2.858016841513112e-01
4.689055310883120e-01
8.952610012587444e-01
6.516481557170153e-01
2.505531358768014e-01
4.655468140102675e-02
4.445303070566292e-01
2.208707007676692e-01
1.738678022166099e-01
1.961518545617125e-01
7.242196187024096e-01
9.591315313983390e-01
1.236482118832172e-01
1.554971212313963e-01
4.401165360771662e-01
3.862184893275697e-02
1.174150128464284e-01
3.941209099228126e-01
9.901330727106580e-01
1.665530480288682e-01
2.570782211874976e-01
7.136634982720313e-01
5.424154580302608e-01
3.766031145940549e-01
5.685469822811647e-01
5.691311995355092e-01
3.880705933031023e-01
3.024616452411104e-01
4.728715673428362e-01
5.524323310481535e-01
7.301879263157900e-01
2.684775894826639e-01
3.028464351328306e-01
9.400352774840013e-01
1.729086736090987e-01
7.607734812240924e-02
6.319898933321191e-01
8.541372329248754e-01
4.844737683816225e-01
5.506251899295603e-01
3.575671461213227e-01
6.310248610708047e-01
6.348400170145743e-01
7.561659639497129e-01
8.813561028248426e-01
9.520201771296655e-01
6.031170182875902e-01
5.877263595292933e-01
9.169246088326558e-01
7.519006504453256e-01
1.942320345874094e-01
4.578053105891707e-01
3.338550721918489e-01
1.021983284047797e-01
6.473054991323992e-01
2.635239182335902e-01
4.649375194986060e-02
4.204890213070852e-01
1.589811081807041e-01
THIS IS THE END